0
10000
9999
0
5765
131
6580
7726
39
3901
2310
1645
9150
8022
9399
7270
886
8480
174
2010
7922
5587
319
9287
2367
505
6253
9213
9903
8622
7777
6981
9320
4880
5499
9676
209
987
9718
2975
8025
1148
8065
9017
8809
5321
2130
2548
5835
7494
7146
1040
9808
9996
9822
4852
5552
697
3531
6520
4545
663
8093
9236
8158
3495
9304
1631
6675
2791
9099
7123
6987
3948
2103
1536
8674
9485
5927
6749
4876
7623
2295
1640
6579
989
364
9514
4224
9077
3044
9757
9365
282
3848
5443
5595
4771
5386
3440
5700
1599
5834
7407
3243
2520
424
7761
4514
3687
9035
4574
2132
4328
2178
6151
1096
1447
8661
252
8734
9529
7377
3877
73
8664
2839
7590
2599
7892
9656
8401
712
121
4177
1220
8255
3911
9380
8681
2780
7733
8348
9235
210
8028
2765
1896
9635
3026
3387
9504
8962
2716
6039
9253
593
2260
2627
5412
7957
7400
9002
1642
3214
3631
1749
506
6799
3951
2190
983
5605
1092
3538
2973
9741
2176
3298
9990
3889
5477
3030
7039
1020
9887
2953
1241
1917
4501
6538
1684
5420
1845
2420
2864
5191
7224
9057
3521
407
9395
4296
5159
9427
8742
1230
2019
200
2466
6498
9563
9703
6821
1275
3542
5489
2903
5071
8129
1420
7748
9511
2667
5366
2622
5770
4433
5938
5097
563
769
7089
4245
7545
198
6537
3607
2947
3166
7342
8151
606
9422
620
9285
3262
2651
7090
4872
8646
4733
4215
8768
7618
496
6691
873
9770
8860
8300
5075
2348
5921
9039
5852
844
3006
4848
2697
7557
9157
4404
1704
8293
1415
2678
5109
9857
2846
2187
6884
4993
8937
3891
9921
7356
8727
3520
4076
3510
2487
194
4322
7462
7988
6811
6881
4312
7017
1350
7865
4471
2715
8583
8576
789
3379
9006
1487
7676
967
5877
3493
2086
5564
9003
8103
6426
2830
2711
1550
6618
2747
6612
2308
786
3914
1761
2799
5738
4914
9554
4091
1406
1732
4316
5048
494
7406
2812
6593
3340
6908
8876
6359
9659
4515
30
5062
434
2608
9224
6204
4458
1264
7488
6349
9396
2354
2888
3184
7942
5448
6298
9090
8811
3136
5201
8090
8395
9781
4526
391
460
6080
2732
1094
3757
2794
7271
2316
8592
9455
7597
2208
2591
547
7328
1714
5491
2381
6715
3710
961
5479
8677
7117
3728
2638
6902
6249
6040
6991
5182
918
4855
4416
757
3954
8723
2519
6598
6732
1009
3863
6344
8502
3940
5115
6438
1354
521
3681
8368
9735
3887
9381
8411
213
1062
8329
675
6380
400
16
4073
1843
2416
862
8722
133
2617
6115
6261
3323
3880
6301
557
4100
1612
1520
9434
6167
7475
2988
9362
9914
2475
5470
540
8271
5460
6482
7119
2023
6653
5895
9536
7415
3403
714
8285
4700
5924
2159
4432
5181
4969
2032
5395
6789
1497
5045
4286
1879
1595
5952
7389
502
3648
4604
7280
7075
5166
5634
9093
7709
3162
12
2936
3374
7868
8069
6425
8630
5799
8806
9082
592
6800
6868
4258
1055
8287
4938
2821
7672
3663
9354
7125
2444
9373
4633
3399
5311
8159
7397
5100
6324
4585
8581
7314
3173
3486
280
8640
637
1674
5503
1509
5445
5437
5418
5726
926
7620
5526
1131
8244
2156
7038
2677
3325
4665
5156
7478
2154
6332
3747
5575
9417
9061
9682
6855
3479
8714
263
5018
142
579
4249
8435
2938
4430
289
9174
8160
9789
9683
1316
4298
3587
1307
855
6059
5767
5375
1822
9652
7890
7791
4704
6140
815
9825
7491
6078
2838
6163
9785
6686
3045
5238
9582
6924
8827
3496
7875
3873
170
6217
7426
6211
4411
6926
8511
7841
9019
2600
7112
5880
3328
6469
9905
415
1357
9447
969
9115
6647
8431
9534
8617
7263
718
6985
8642
7679
1508
3338
5139
328
8111
8969
8340
9220
5562
6603
2075
378
5998
2786
1938
5317
1300
4537
4935
9133
5989
4166
381
4452
5777
7933
1856
810
5385
6760
410
4760
8515
5501
6591
6701
6965
2750
659
1634
7231
4586
6387
5987
8046
7688
9239
5858
912
2035
8794
2372
1721
8585
2138
7116
8416
3296
580
149
6468
8486
8982
2493
4315
1842
8197
2900
2486
8663
8419
8173
716
4765
7036
288
5598
2764
1124
5307
5108
5654
9918
2536
3094
9149
8528
3344
8527
5245
9761
4356
7098
3401
4221
9588
3430
6621
6733
7124
9461
3103
6687
9050
8804
8406
4273
5458
2688
2879
8102
9194
9798
1205
4636
2233
8207
1552
4435
9855
9604
2921
971
5840
6363
4780
65
9578
7202
9850
6968
2402
5607
5951
2483
7073
6846
7661
8844
6682
1004
6348
5666
8453
4250
1560
4804
656
6698
7904
3350
5875
2954
1715
6188
1468
4065
9124
6655
6421
9190
9473
1201
8732
6255
9973
8267
6944
4068
5279
5232
2782
4602
6054
1745
3240
5692
9526
3883
9521
6535
1058
411
7880
8345
5209
7872
7830
6532
7379
6424
4346
8412
466
5597
5512
4355
4066
8080
3518
108
934
3176
3905
8833
1089
8504
2345
450
3087
423
5697
3708
2446
4507
9513
199
8253
8015
7678
8951
8946
7603
9117
2279
5082
8616
5011
6093
66
7151
6339
3149
7308
1175
7940
7820
1836
2583
7056
5730
7230
1635
6105
9049
7175
973
8650
4086
7615
9987
1966
638
2049
1365
8473
5713
2479
6202
9871
6476
6004
4200
77
2939
7019
3646
4650
4835
9007
7963
1248
3102
1013
8995
7344
3714
4661
4869
5941
1457
5176
2895
3744
9154
3123
6627
6161
3185
5678
8187
4413
8327
7651
2093
8884
5254
5973
7030
6805
4301
190
6608
3992
6320
6725
8330
4664
5919
4465
2551
7016
5568
1417
259
8398
653
5301
5889
9721
2760
7681
6412
6568
8971
2964
9556
9482
5815
7114
3076
5178
5615
6184
5868
6779
8503
1935
7844
17
1155
7585
2779
6849
1047
3912
9467
9933
9759
7442
7787
3109
8479
6943
666
6330
6949
5251
4555
5236
743
6443
7122
1268
4193
9680
1118
8311
6011
8652
5510
916
7884
1091
4038
3475
4571
2432
3782
8743
624
420
1701
7706
331
3790
1311
5796
3860
8945
3053
5333
2140
7861
3627
5778
2776
5602
6446
7870
1341
751
8857
6015
7311
9910
8531
4110
3577
1676
3175
5102
9075
5518
1518
2016
1031
4551
3199
780
2762
7732
8843
8800
7383
3670
6643
7177
341
4857
418
7355
570
9875
9891
6149
8304
1726
7067
8066
4672
3597
5322
3671
6692
6735
3936
5824
9760
2163
3630
3233
3788
3913
898
398
9862
7569
9134
8685
1928
9167
6644
9601
8613
2522
8680
3499
9231
9827
5449
2104
4401
3915
4836
4194
394
1206
8058
404
5826
2031
8936
5404
6187
5430
3989
3650
5946
2706
4179
7664
8854
3966
3268
3711
7111
2269
229
2465
2842
1661
4484
8365
1249
1496
6910
2944
6299
3415
8095
5783
7772
3985
1284
7452
8573
1453
7199
7093
995
7883
6584
2418
3236
2532
4385
2488
29
3273
6972
7930
9127
2232
4990
7650
8926
8140
5013
2754
3147
2267
5944
2170
6162
2025
4728
5089
2985
4403
6901
3055
1823
8468
2400
9658
1832
8241
6697
9218
8289
1481
5294
9059
8927
3139
8391
5814
1385
758
6529
8373
3909
1344
857
5384
6562
8490
5917
80
6819
2395
3924
7658
8526
9241
7998
9847
1077
1433
8701
2048
1533
7299
5203
8325
8363
8249
4687
7743
773
3872
8825
6743
8736
7437
9238
6450
8689
1136
8741
5198
7850
3770
3703
631
9333
2680
8051
3617
5535
8295
7878
5718
5352
8248
9753
8124
6862
7966
9691
1650
5596
4498
5472
7707
8822
7413
4002
3994
7519
6782
2108
3761
3461
3511
7259
4125
6570
8888
9542
7551
4405
9046
3680
1112
636
114
745
9228
2089
3048
1378
8185
3622
565
5806
5247
5750
4014
5224
7418
4479
3219
7992
8413
5780
633
9728
3927
1228
8719
9976
3601
9198
9221
5593
2463
8559
694
2835
1636
438
3780
5125
6091
8018
3042
7142
3498
2347
7281
4001
7812
8256
7172
2767
1984
2586
5324
4828
9992
4024
3017
9765
5542
445
4639
7760
5346
6721
3419
1303
6788
6777
1995
2696
7078
4292
464
5263
7492
4062
2506
8050
3928
3383
7498
9062
1739
2738
7694
7499
474
1621
9170
4242
281
9928
178
9616
6084
7001
3031
2070
3144
2020
2498
4645
3797
7050
8297
9052
3128
1713
8010
2824
9893
2161
2983
4337
4528
292
8580
6624
2462
3833
9879
5358
7741
5714
1835
1855
5874
4220
679
299
5809
1906
832
9555
3501
8874
1310
5788
5407
9949
4958
2512
3964
1331
8658
9106
459
829
6025
3465
8380
1384
740
2441
7838
2978
4573
1991
8848
9108
4933
2672
4098
2473
6405
7419
1987
9603
4158
6609
235
2415
1070
478
4032
2210
9437
8290
8114
817
8900
9308
5217
6842
7754
9828
8933
1213
8057
9636
5144
2413
7298
262
6720
7718
6645
6702
9758
2828
612
9407
2807
2757
2253
2626
7532
5170
7343
3596
8931
7747
1008
510
5588
5382
3819
7813
4918
6031
2718
9474
6053
896
4214
8137
5701
5890
5947
2146
7547
9512
5912
324
4041
3078
4626
5551
4327
1054
7454
3558
2751
7066
2558
1988
8106
5892
3821
7135
5762
6146
2935
8338
8912
6534
5589
1648
8987
7432
1712
9113
6238
2987
497
735
8228
8215
2788
6706
4240
9749
2932
8553
1965
5493
4566
6457
9960
9608
1587
3453
1978
5930
7600
1874
9226
2543
4873
6844
8690
1711
3902
9148
3336
5545
3211
436
1160
5990
7451
6776
8773
863
6139
5929
913
361
6517
2863
585
5945
4261
8775
3335
195
607
4438
7333
8385
672
7222
2189
8286
2148
3739
22
4699
800
883
3191
2801
5319
625
6148
4932
1100
3882
8088
5007
8779
5570
3548
4597
1959
8074
7014
5464
985
8047
9577
1304
8466
9008
5243
7033
4469
2443
5793
7888
3449
6522
2363
301
8438
2755
5061
3748
1001
8048
8508
8350
8198
3095
5935
7425
9630
2926
7153
3358
7680
8599
4837
7095
1927
171
6126
5244
4618
4121
6030
2693
236
4444
5485
2894
9772
5659
6689
3317
7482
4715
1428
8073
4449
5519
1853
9246
1657
358
4648
734
3812
34
1256
5683
9878
2970
849
690
747
2072
874
9522
4338
1741
9726
437
5084
2343
7307
870
5812
6459
7249
461
9179
6592
8520
4317
4682
2262
1624
56
892
1367
8839
8549
8476
3931
6786
7660
9244
9593
2853
7126
5843
285
602
1504
5486
5078
8907
7497
1670
9233
3828
3759
4267
7130
9839
4649
5617
9843
5811
6527
8235
4593
6102
8414
4547
2098
5272
9144
5074
2137
1110
6180
8519
3178
5603
6990
9896
4657
3811
7735
3343
1130
5476
1982
9005
4482
8879
2897
8292
6246
7191
1290
7484
6854
3127
8033
9817
8747
2679
104
9841
1153
516
9679
6641
823
6352
4749
4802
9266
492
5655
9402
8324
1920
2061
9441
6153
9861
720
4040
8688
6937
3779
4787
5050
5703
3082
2898
6564
7833
2293
5872
144
3023
9507
8832
3426
9655
5789
9091
9643
9178
4752
6280
903
5760
9898
9324
9706
7579
8097
9796
1409
7939
604
2526
1582
5391
7045
1561
9605
6032
584
1654
7083
2311
3991
1049
710
2700
4199
1860
6599
4174
8459
9118
1546
86
8834
8955
986
1531
1883
6117
7409
670
9298
6787
5651
2007
2303
1261
4792
4730
7559
9786
9579
2090
145
1957
9044
5137
3112
954
1442
3316
5211
9392
7444
4485
6635
7891
4398
5507
7712
9901
8315
5006
6930
7217
1332
9300
1689
7669
8802
4931
2247
8098
2119
6709
6822
3202
1882
9897
2845
1885
3362
2990
446
2763
5867
9964
2516
6082
9299
4070
8704
4736
6839
7544
2296
2598
4774
6400
3411
245
2244
6545
8864
7959
6265
2914
5290
9327
6569
61
3115
924
2843
9876
4028
8141
951
4741
9340
8356
3210
744
3765
8392
9723
7467
7566
3945
8828
4692
8780
2336
6083
3429
2455
3967
622
7184
4191
2605
1658
1697
3009
2094
8130
5831
4361
6893
1421
965
1272
5405
3186
1434
2321
1255
23
9243
8893
3239
367
5401
1554
2246
7436
5046
5320
9302
5389
6828
92
7010
3134
6851
4588
3322
4871
4132
2766
4387
9051
8509
5188
1219
7546
95
5173
4336
3767
8892
1063
770
6088
3839
7054
688
7521
9276
1577
417
3080
1327
2510
8755
9393
4619
6885
923
6507
7297
4783
5438
2984
6572
3197
8791
8917
7058
8784
7145
1079
2820
6764
7925
6956
8149
1144
4676
3114
8144
4643
1565
618
2585
8279
5347
5204
3995
1578
6961
5553
2831
7131
3306
1852
96
664
9130
4569
8433
1500
1462
2377
1614
8421
8890
3400
8170
5199
9694
4047
4439
1263
477
4053
6666
5194
5643
2783
4562
4167
6830
5727
2217
2616
14
6485
91
6396
7576
7504
9307
3570
8483
5792
8978
7783
5893
9411
2242
1958
4979
6379
4884
8813
1800
7701
98
6863
1395
5628
614
3834
9609
9457
2665
7405
5063
4045
827
2050
928
4412
269
2618
1601
4965
2350
2733
8522
2368
63
8494
2406
5433
2005
320
3380
698
7806
9752
6837
327
9614
4755
6818
4878
5096
7523
7347
5044
5024
9775
739
1748
6658
1162
8653
5736
6192
5648
2734
9516
3937
3903
4865
3831
3091
9558
3685
9853
4031
6308
5023
5942
4251
3039
5467
7496
8254
5483
2403
9951
1233
8184
2112
6556
1688
3384
3506
6052
9260
6519
5838
4892
5883
9165
1665
3254
9494
8006
3623
9166
5229
6632
9707
2014
1516
1370
2071
7241
3549
2589
293
6767
4113
2736
1274
8796
9038
1081
6431
9217
3801
19
2207
2869
3246
1507
8041
5373
5353
2411
6876
298
4813
1802
3482
9230
5976
6877
5920
4500
333
4663
7165
2904
1596
7247
5536
5147
1033
9946
3594
3925
8008
9730
6873
8976
9205
9945
5504
2576
6825
6783
2800
1461
9406
8671
3636
3547
6667
9776
1243
4621
2384
2882
5866
5112
9986
8068
5056
8607
7592
3816
5466
3800
4480
1773
5860
7987
8836
2632
4406
5933
1567
4020
5270
8683
4889
5879
9160
2847
1333
4285
4525
8516
2873
3011
6543
2199
4647
5611
9478
1403
9172
4961
2155
532
5275
1037
6544
7611
4218
2655
7511
9270
5377
4600
5559
5328
2399
4400
6471
4879
2290
7000
560
4096
3579
7531
6096
9571
6798
9888
8458
6628
4868
183
667
4766
1606
362
8177
5012
6208
2467
3879
6108
4862
8055
1724
7446
6241
1903
2701
2649
8619
405
7846
303
7468
5092
1696
3327
9361
2229
6156
2359
1679
9788
652
4770
6455
3589
6158
9248
3514
9479
7466
5591
7790
4340
890
3258
1323
7971
4759
3581
9971
945
1781
1796
7193
3766
4450
3534
2182
5779
7932
8705
9731
3563
5670
4254
6106
4863
2648
2880
107
3283
3474
9553
5539
2241
7427
2528
6043
7316
2074
8168
3783
5450
7816
1358
1216
312
7301
9613
9503
3425
5118
4677
5292
2513
8699
2527
900
4054
839
4642
1900
3789
2088
895
4556
8299
8164
1643
1087
5417
639
165
1734
3884
9018
1722
2304
1072
2752
7916
1266
811
8916
4310
2500
6027
8610
9736
6369
8063
4524
9255
7703
8564
6988
4999
9762
3894
2640
2110
9640
6474
828
3634
5000
4229
1686
354
4632
1594
7144
2116
6273
9470
6639
3835
5660
2856
5515
7476
9041
5759
2886
974
454
3427
6967
7641
5481
3056
9941
5949
9802
6913
1729
9926
8662
5543
5422
1217
7581
2644
7239
8569
1769
4991
1436
3858
3252
3373
686
1566
7845
5731
9366
1787
9912
8985
4628
6024
4046
7974
9699
5185
9561
8362
3722
465
6098
3691
458
9834
369
9902
276
8541
9022
4143
4306
3776
9743
6189
8452
2768
2946
785
8405
834
8263
6792
7392
117
7358
7827
2604
2346
9719
1622
7538
9177
7213
6440
2160
7411
9746
9161
7374
9663
7601
6772
4133
2702
5286
1687
8353
6307
9480
1441
7553
6511
6206
8456
7994
3029
2285
933
2370
9356
1910
4295
6888
7768
9944
1719
1538
185
3394
1011
9711
9431
4243
5993
8457
4
2196
5184
5423
1660
9641
3916
456
5725
5561
1937
44
7986
2085
8623
5390
7481
8274
4075
6007
83
6101
2131
6912
2796
8709
8593
6766
7289
6147
1530
9009
9419
8191
9586
1501
5784
4901
1644
5340
2426
9317
7106
1392
4056
8475
5210
3550
2017
1499
7463
8189
2394
963
3533
6293
4010
4210
6472
6193
5341
3674
2202
3980
3200
9873
5514
9290
7808
8886
1767
7198
6190
7621
3356
1981
9370
9717
1107
380
3881
1196
8862
3106
1647
5829
2452
5010
8757
7004
1651
5640
7969
1824
8195
9500
7720
8133
6230
8250
613
9158
3509
9262
3019
196
431
6333
8036
3762
1197
8636
6297
711
1743
5215
1444
9289
4543
959
6648
7429
6488
6794
4775
9203
7031
546
9793
4204
6060
9611
3661
8682
7168
1065
9791
8841
6804
5639
3637
7655
6361
8562
4305
5143
3016
2916
1412
1165
347
4830
9184
1299
5179
5817
9297
8424
6442
2288
238
9192
4049
4184
6480
9708
308
2454
1780
6419
4576
5962
4208
1474
9468
3198
5427
3508
952
1184
1157
4302
6860
8762
9931
5691
9885
5312
1371
8539
8117
8760
8589
3970
4899
8766
2482
4964
5278
1997
3159
4256
8134
4594
1747
2171
1837
3836
4175
2841
9442
6466
3116
9495
4598
605
8930
219
8062
6290
8954
9546
564
8919
9870
5174
7372
3002
7952
4348
4824
9797
401
958
4474
4913
5246
9644
2272
941
3163
9687
233
8108
6578
4109
5616
4674
3540
6444
5237
1134
6276
1716
8276
550
3500
2172
2266
8169
3952
6734
6978
1429
1204
763
9923
5325
4963
9357
5662
9024
733
3844
9394
843
3321
480
2449
4004
6214
6780
2080
344
1253
6561
8530
623
4888
481
1141
6351
6656
3250
2568
927
4219
2371
8818
3389
721
141
533
908
3071
5349
6558
1122
3953
1330
5469
939
5768
1440
7431
9484
8227
9208
909
5997
7738
8505
6887
7849
3153
5020
1569
755
7386
3354
3752
3033
1086
9021
7331
1207
4077
9544
6758
5316
2259
6722
555
3987
6239
2756
3497
4926
3215
2753
5720
374
1345
6882
4456
5027
5959
2038
6415
9856
1865
1469
3275
5155
1608
3632
4536
6607
7751
4343
8264
4392
3150
1557
3641
5381
6927
4026
5101
4654
1445
5687
500
9264
7167
7505
6076
9764
1446
9314
2735
4088
5397
3513
5463
1918
5958
1993
582
8544
2496
6070
89
4052
4372
9525
6750
574
861
6256
7188
2705
1343
3721
2309
5416
8432
3573
8372
2184
4659
2106
1060
9348
5638
8317
2018
6391
5457
684
5289
7901
4368
4246
1930
3701
94
5360
5468
7589
5009
8540
1359
7951
6521
3820
5506
6437
4341
9576
6418
6952
1191
425
1187
5299
4997
3689
2508
28
9712
2029
5804
5650
8135
2051
3385
1259
3897
6815
3698
5533
9501
186
4376
189
2122
6530
1143
644
7079
4995
1695
6640
7380
5830
9450
4360
1604
2302
2851
990
9376
8958
9156
9489
1095
8923
4592
517
1947
5965
9428
790
136
7775
6500
2720
1990
5786
2057
9389
7003
8568
3683
523
864
3431
6759
640
6857
6941
7696
1948
463
1036
1254
6588
3357
2896
7835
8355
8081
8590
9925
9201
9809
4099
9584
704
4244
1156
7477
8320
9421
4777
902
3824
4426
8309
9415
4364
4694
6234
7633
4307
7021
2215
2610
8024
1848
7731
2633
4314
8756
8707
6866
1881
6271
7195
8446
6183
8470
2289
32
3263
6397
835
5492
2943
7420
7715
4171
6869
6224
6289
267
8554
1562
6513
6377
7178
1700
6295
9930
3010
6716
4886
9313
4502
2044
6064
6816
8461
7361
7541
6947
154
5157
4157
3859
6523
6181
1050
8944
4442
1878
4363
3036
9037
440
1672
5600
7993
3796
7613
1159
6399
76
223
430
1397
1873
9835
960
2126
4112
1179
2708
6305
1758
330
116
2650
2135
6103
4696
6113
1907
5845
545
1097
660
5141
6604
4842
316
1717
3694
7304
4025
8602
9169
6236
9519
876
7887
4188
9168
4992
8880
5537
9027
5036
9824
1763
8083
7721
8251
3309
302
4527
6142
5017
2179
8243
9725
5288
4130
8387
3809
7009
272
5996
3417
3454
7667
2647
8855
4812
2613
3352
5652
8428
1829
5693
1827
3817
9690
8396
4627
8252
3450
7915
7388
7305
6233
7640
3464
893
2674
9892
1002
910
7699
8403
7157
7325
611
3629
264
6386
1887
5625
3038
7842
5790
1139
7570
4522
6056
1819
2684
3706
9140
5695
9458
6219
383
7821
7626
8186
6997
1030
6254
8084
8154
1117
3372
4297
7980
8211
9574
1108
3405
6832
629
4293
3743
8179
3022
5502
1691
5163
8906
6681
3361
5043
6283
2778
6169
1584
366
3975
6614
7540
8748
8354
6137
2822
6435
8218
4895
9404
4693
1212
1623
7204
6109
429
2268
3046
7464
4539
8866
2476
2920
6548
7302
7851
9774
2630
8858
8092
360
2673
1923
2133
1111
6492
4196
7996
6891
6152
9372
3656
2212
1317
1683
2942
4371
1014
9249
3164
6684
1210
348
2726
5805
3996
3567
4684
6409
5323
5310
7422
2063
2024
8939
3442
9966
4023
981
1116
7359
4089
8209
2096
1451
4577
7141
3281
7774
9288
5569
9100
9449
626
1863
7935
3302
6867
386
5582
6033
9811
9633
7051
512
5554
8220
5329
543
2099
953
9518
6923
4323
7786
4705
152
3326
4506
6931
9551
4721
5077
4417
5735
3035
8910
3657
468
3763
7268
3218
4523
2911
2275
1251
4839
5090
6127
6921
3364
7918
7895
6874
2066
8901
9293
1104
1692
2515
1653
8852
9245
7675
964
7026
8651
5753
4591
9936
1410
2238
8710
2885
5208
137
9538
5682
4427
9065
1495
2027
359
5722
9332
7441
2858
8331
2889
6746
9215
7564
2339
7758
428
8142
8807
3751
992
9795
8911
346
804
4339
7708
3099
3096
7752
1999
6315
2198
9433
7113
9481
9073
6063
8336
9258
7272
5205
1240
4631
723
8612
3397
5847
75
1867
7390
4698
8138
2009
8763
3592
5138
7460
8730
8977
2601
26
2109
4374
859
7907
2396
7143
4589
305
1297
5262
5861
1105
1946
7434
591
535
1128
7767
1876
7799
3146
1126
5950
7480
4725
4910
2277
5508
9566
9617
2891
3725
608
2770
1902
9983
9647
5326
8242
6497
4856
4976
4280
4911
4186
925
2220
946
9132
6531
3840
9446
2707
3193
6871
4212
8670
5573
1669
1795
6458
5855
6416
7192
9780
4789
3590
8875
2249
5520
6160
8162
1005
6510
7982
8060
5898
1232
8147
5300
2653
6012
493
6717
6835
6625
4252
2141
3942
4882
9907
2810
4393
5361
1026
5712
9531
4614
1478
4422
1246
5365
4097
3142
8698
7637
5516
2003
661
2949
5915
2438
9371
8390
6922
8831
7636
2240
6826
6402
8657
1464
345
5763
2881
7927
1006
3145
2872
5330
8436
9734
6473
5285
220
5350
9669
9858
3277
6302
2046
7360
1372
1858
2781
753
5171
5986
4069
2211
778
616
8851
5302
4513
3869
9219
6263
277
1043
5819
9594
7698
3764
3412
2387
6565
5200
6132
9661
6883
1515
8341
1985
2248
8667
3906
8948
6676
7823
519
1757
6141
799
7896
8231
7011
8282
1517
914
9126
3077
8219
3269
8005
5581
5968
241
9937
3169
3941
3556
3755
6278
5585
1339
1061
4748
7779
2775
525
3207
8767
8724
3934
9860
7396
7334
3655
8150
7642
9416
5080
215
566
5133
4048
5584
831
2216
4276
9176
3512
256
9074
7378
732
3220
1276
5904
9128
3285
9631
1540
4800
9250
1271
4382
6970
329
8383
8370
495
2789
7008
3962
4581
2832
2876
2874
2375
5218
3257
4703
5253
6938
6304
3645
1294
2183
2408
5196
2850
4826
788
5265
5402
2421
9104
138
4739
4162
3156
3504
2629
699
651
2045
3154
8949
7573
1068
9851
7149
8624
3140
4782
3551
7150
1960
7657
9660
6907
7801
2422
8566
4975
1951
9906
9496
3503
1620
8278
9988
2829
1114
1529
6454
6119
4534
7858
9162
6889
7854
1237
8314
175
1778
7885
1435
7043
11
5978
5567
3113
2871
6209
598
8979
5663
9591
1925
7077
4365
4394
6547
7183
5977
8609
5715
3908
3251
8731
7319
5091
1792
6590
7687
7977
5383
6833
2805
7221
8820
4788
8871
3433
3088
2203
260
8711
7474
2774
181
4223
643
6928
192
6802
2261
4960
8845
1352
8061
5070
3060
2485
9533
6170
9564
7404
9318
6250
5679
2974
5846
3439
6861
9476
7755
1638
3805
1718
6013
1404
9868
848
4353
3530
8045
877
3182
2162
7018
4972
7185
3484
1279
3536
2790
9141
717
3004
7439
230
6501
3027
5525
3871
6812
6841
5743
2962
9086
2273
9597
1169
8627
9606
7734
2341
3682
5136
3468
5822
6408
5745
7964
5791
4840
9210
7587
8611
7607
6845
8904
646
4114
5711
7912
4998
997
9568
4905
7839
7395
8537
7138
4303
4362
8
6847
5282
5999
7555
3842
8492
5304
3603
4530
3280
7625
970
8232
4334
7744
9135
9998
8360
3398
64
2682
1847
10
8221
3485
4431
5614
2237
5454
6079
3472
5066
1083
4940
2329
6983
110
7571
4325
7275
6817
7762
1133
8054
6245
8606
1637
5206
5706
8212
6034
794
5134
7578
1723
7158
9826
5757
3621
6728
4324
4084
8675
872
488
2545
9934
9913
2318
3999
3444
5905
9583
2151
5590
9145
7983
7375
7682
897
581
8200
2123
6095
6636
4622
4717
2433
8567
399
8434
8644
1872
9088
1915
1544
8563
8816
9202
3746
3961
9055
5189
5732
6467
6222
2998
1831
726
2001
2795
6823
9182
2552
8499
1798
8443
9111
7069
5315
7032
6525
9667
5708
8999
8534
2999
112
1600
9965
6824
441
3221
3571
3929
3261
8740
8934
6705
2344
2180
2819
8605
518
6464
2928
6654
8238
6138
5396
8596
3673
6785
8410
7248
7225
719
1066
4711
3070
5856
8105
8053
3229
2930
9810
6778
4128
9642
9401
9508
9080
8673
7384
4227
1229
4568
7326
8245
4423
8455
8702
5398
7881
4111
8570
8797
3014
1158
8869
439
1280
9612
1218
1602
6637
7565
2637
3148
1423
3813
8615
5122
204
8608
9186
5426
8376
9697
1656
8635
6550
5214
443
6490
2150
875
4989
8430
406
5994
6374
1456
4584
6
1962
1750
2899
270
5865
7450
9830
3160
9207
628
3051
2669
2689
1641
484
2906
1477
167
2659
707
5556
2631
1137
7978
6489
2743
3984
4491
7702
155
8924
6723
9750
3847
4058
9610
6175
7353
387
9685
3073
6620
7100
6690
617
9312
4104
2815
2458
7606
2330
4850
2004
8878
2956
7729
1176
8109
377
9900
2490
5709
6801
2893
8157
2128
2573
2691
4756
8988
2083
2525
4055
1414
1484
9917
5509
3697
2709
4136
1774
9
8172
3083
727
8574
9626
8894
9651
8056
3355
8498
7366
177
4475
1794
542
5124
8512
5140
4890
8399
4807
4470
7612
9813
8156
9139
2837
2816
2447
6756
7793
8720
6055
7160
2431
202
139
2518
4022
5610
8868
2567
3960
7828
9295
5523
3823
240
4156
6200
4570
6461
5161
5455
8808
7840
6232
9292
448
3704
3799
8386
589
1102
7859
4610
97
7292
7780
5197
8817
6120
777
6989
4079
6911
2139
2460
1454
1426
2556
9337
323
207
2797
356
4266
4181
531
7028
4247
3471
5699
999
6567
176
5252
8733
669
2278
1703
8712
18
1099
3552
6610
7869
5414
6401
6086
1888
3888
2095
8872
4689
4713
3832
7064
4460
6201
9143
9935
6638
5820
7052
4496
4419
7919
7908
6581
4853
3155
9294
8891
556
8896
3554
4235
4288
4108
4906
3224
3376
3272
7627
8842
4937
3260
342
6852
9548
6740
6089
7309
3291
7866
31
8920
2654
4874
2043
4264
6626
7387
9089
881
795
7871
5228
1667
5680
3644
7503
5490
2322
3124
5955
2067
7646
978
3810
7815
8840
3483
2412
2554
2798
3063
3586
3331
6622
5657
7807
5586
5031
6838
3067
8715
7181
9363
4806
9997
4147
4468
3750
6220
126
2968
9993
3086
6619
6195
2036
9981
609
6774
2492
8749
3020
4150
2326
4740
5447
6616
9305
5169
1402
571
7096
9602
4061
5908
9517
7773
6976
4875
7876
4814
8313
662
5957
3462
5632
2250
1090
2833
9023
7412
9033
9206
6133
7934
6422
3561
5580
6066
2541
1884
7368
2274
8082
6017
803
654
7169
3649
5746
701
1592
9784
7182
3874
4190
4982
8012
6366
120
968
6049
4268
5517
5193
6596
4289
3885
6936
57
7336
9621
4354
2360
7556
3012
731
7789
1680
1422
5961
9444
2866
4429
9799
774
7457
3050
3187
9460
9962
7784
3639
8400
2761
6797
1756
1973
4499
1615
8805
3256
1574
4690
4233
597
8725
2144
1893
2472
7128
6177
7811
6700
3619
6417
7228
630
9599
851
7296
2572
9539
7610
2077
8560
3667
3238
7282
9346
1817
891
1363
2660
8275
3611
2357
6742
3003
796
9880
2256
3481
3303
9492
1252
4124
8454
9418
9281
8259
7101
2317
7622
3537
470
3892
8266
2328
1705
1545
5769
9265
7725
6555
4016
8885
402
7287
9646
1238
9343
6731
1076
3446
214
3850
2333
1052
2607
4140
7580
1585
2533
8994
4916
2349
279
3545
9755
475
2960
3720
6334
9237
8614
7020
7533
1041
3578
6829
9360
7926
6367
2724
9475
6670
7227
1288
1369
5114
4350
6375
1308
6631
7007
759
157
984
469
8261
9159
62
9607
7329
3353
4472
1830
6727
3736
5051
3286
8132
1039
7086
904
5158
5794
8535
1971
7120
6345
9877
7817
6475
1353
7753
8586
9185
2582
1151
4051
1632
1972
8013
3575
106
2538
771
4595
9116
7937
4660
5635
4946
6615
4095
1163
4232
8121
4644
4087
9567
1786
8692
9560
3878
2011
2205
4510
5926
7315
8089
2793
483
6781
3452
1655
2021
3177
8750
5636
2967
3231
7132
7047
9032
67
2157
1961
8575
9628
8118
2511
921
9922
3862
1751
5276
396
1278
6726
8369
5305
8361
645
7905
7936
3090
830
818
7447
2941
5234
6704
8441
74
2082
6221
9800
5882
4163
3490
1443
9899
85
7076
2913
2175
9153
3904
812
42
7909
9767
9600
4907
7
7189
7403
7575
5884
1967
7979
9938
5230
4278
1619
2323
1167
2934
1214
7834
6104
8713
2264
2419
3074
7399
4831
972
6427
9164
2564
526
2369
7654
568
9309
2995
888
6793
3507
8889
8389
2710
1180
7962
3408
977
9724
4860
9881
2287
3841
746
8693
217
2129
5130
7549
9497
2668
5667
1897
6100
3310
7242
9466
1480
1172
5849
9273
6456
7981
6338
2597
4572
2252
9353
907
3351
1901
485
4453
4575
8230
4168
1221
1394
2584
1646
5060
1283
7949
8950
7624
3270
1109
4477
355
382
2092
9204
4797
3990
3935
6393
2440
549
8870
6880
6368
472
3478
6566
3522
7766
6606
8853
1064
884
4746
919
8656
575
9301
68
3445
1292
1586
3101
8790
8737
572
5627
588
1950
2603
2811
9957
2722
8224
4144
3117
6903
1178
1575
8425
8572
7583
8914
340
7180
695
8684
8739
4127
7244
8582
1199
2409
4335
2993
9904
1044
357
9820
8366
72
7572
8729
2969
9469
7794
4424
3818
2013
5107
1051
111
5334
4358
9648
2562
2666
2521
6484
993
7928
1681
1242
3868
3225
4925
1450
2561
1106
1400
6340
1975
1448
5565
9209
6477
680
5495
3248
6713
3959
7862
273
5283
9581
3919
4953
6677
7914
9674
1193
4290
7950
5802
9280
5649
6270
4912
132
2334
5121
2823
4784
9053
9620
3333
4291
6895
4877
3001
8641
9268
3749
6650
9122
5975
3407
906
6914
7424
7283
5367
1282
6577
5213
7730
7115
5885
7568
2030
1542
6038
3024
2055
1069
5816
7953
5164
2393
5756
5264
6575
7956
4670
3438
3237
5619
5085
1452
9120
4476
7367
2448
128
5839
7408
5019
6685
567
1416
4695
4769
7070
9619
3392
9812
6388
9942
5782
7847
9013
1439
4796
6413
1482
8247
1314
8201
113
3719
7127
1762
237
2149
7705
3267
5864
7104
47
5274
8333
1438
649
2069
1813
234
8706
4655
2862
5522
5212
179
3295
9803
658
5810
3370
1783
6182
1383
3741
4565
8426
6019
1227
3849
3899
6524
8072
2191
1610
5129
2214
4383
9151
9710
5368
5149
4641
3247
3041
7023
130
1168
6005
6260
5093
287
3583
4637
7057
6946
5719
4377
5964
3600
6929
2918
5003
9792
5894
7313
2737
82
9845
4012
1373
8445
7176
7210
7853
2041
6058
4159
25
7656
1390
9596
8738
7649
8009
4658
5110
7757
3279
2469
6493
3855
2972
7129
6231
1267
2390
9067
9388
20
7586
499
2772
6257
3707
4988
9279
4735
3205
4059
6470
8070
6663
1776
6439
6143
53
1424
7913
4151
1678
4271
9072
1911
37
4201
6737
7782
5498
5001
2868
7041
3111
3129
5618
8764
801
6872
7960
5755
2937
4947
1351
7461
8272
1430
8905
5030
824
7354
1189
6205
1593
2235
1265
1685
1728
427
2379
3253
5859
254
7330
7402
2745
3732
9911
7604
7154
3122
998
8023
5387
2587
2177
3040
3768
8188
5342
421
4867
4378
4962
586
3287
242
6515
6957
3241
300
9092
6975
7108
2410
6834
3363
4153
3366
944
5974
4546
5918
2661
8932
1892
4021
2152
2298
3544
4669
7015
2434
853
8532
6479
491
4786
2332
4044
3222
1150
60
5583
8332
9622
7254
8310
5227
5550
2167
1258
9084
4552
1318
9939
9657
3409
8752
595
6560
3754
2305
123
6948
7264
6451
7745
3043
9359
6008
9698
1437
7710
3118
6229
6925
2529
7810
536
7535
9742
8801
2692
103
5971
3955
2386
8038
1032
8155
8394
8007
9286
1080
3626
2739
8067
6322
8043
5707
8830
5900
5931
7110
6499
860
8745
8632
7542
2300
657
321
3457
1425
9367
6718
2907
942
1101
7893
5154
7234
3282
205
7382
275
297
6378
6673
1000
6218
2047
3595
838
4758
1366
3293
2683
8524
7509
5296
6350
4057
1476
529
5195
689
2611
8049
6123
9382
5943
8165
7223
706
8257
9274
6769
501
6945
3792
6729
3664
7756
8770
929
3976
7469
2245
4596
1127
2546
7877
9804
4894
2544
6154
5295
9114
7991
6748
7965
6964
9031
9550
294
3391
4605
724
4050
4141
1663
4101
7897
1305
6174
148
7759
8772
7948
4927
5612
9030
2980
6407
4129
2143
5055
6695
7348
4716
5369
8960
8439
4369
3359
5505
749
4772
917
4678
8064
9328
3730
9842
3615
3968
4241
4851
5771
1840
9943
3830
6806
5029
6382
6916
8294
8404
4466
6235
9814
9678
7310
4708
3668
271
4489
1974
8004
4236
6993
715
9540
8943
2635
4388
736
2577
164
2195
5338
1851
9364
3678
9882
1970
4616
1945
8193
8810
455
7251
4308
3005
8059
8758
687
5399
4981
9101
3709
6335
8867
2113
1166
879
5623
8298
7410
7529
5035
6327
162
385
8120
6242
8379
850
2401
1690
889
3956
2197
3349
4217
798
2658
3021
2867
1093
9452
1286
8984
7105
490
8545
7351
9234
6131
5669
9689
8638
2509
2374
2855
5042
8495
3245
3458
619
4951
7911
5281
6001
4579
3413
4170
5332
5291
8478
4811
5471
5674
3854
9326
3223
8716
4269
5608
2662
5132
4900
5309
8744
1940
21
8686
776
2749
6652
507
8883
9374
590
409
8551
5906
530
7107
6244
2457
8273
4197
9339
9818
3072
9272
4493
6865
8953
9618
295
1135
3125
4067
1563
3448
4516
6068
7274
2517
5923
1506
8326
1103
9429
1355
7136
3131
2530
8076
6191
8037
4083
5641
4131
5982
1277
4300
2065
1807
9727
7385
762
5742
5306
8696
5175
3604
2340
5664
7695
5572
9527
791
1617
2056
3085
9929
6601
8032
9214
8306
433
4858
7990
9654
4563
4904
956
2042
6661
3856
8721
9565
7173
682
1613
3189
8555
413
6962
9483
1850
737
7879
7472
1320
7200
5488
6850
6552
3473
2342
8959
1512
4779
9890
2769
5685
489
4331
7941
5256
7596
3194
393
8577
5354
9959
5314
5408
6933
6394
8352
8375
4211
1226
7414
1535
6355
4009
4623
2453
6992
6629
6110
920
9435
7985
2474
3297
6050
4319
9472
7337
7795
2996
4881
8246
2883
5932
6428
6533
9000
7938
1573
4943
4849
5981
5808
2579
775
9109
5647
4560
7286
7335
5646
3487
4265
1225
1591
9386
9368
7685
9740
793
8925
3308
5496
4710
765
435
554
4274
2265
5068
7805
4172
6087
8226
6381
9325
9908
1123
2231
2992
3774
7692
2671
4239
1737
8963
5370
6432
797
2236
3875
7285
3588
3635
27
3699
81
8506
3613
2193
119
1185
2173
7831
4712
6595
6383
1808
84
9714
371
6549
7864
6803
3138
9296
2417
1298
1765
2280
949
4587
1389
528
2714
7255
8648
9783
41
8312
4838
5362
6808
5219
9259
8621
8152
3876
3735
8543
6097
5886
6268
7102
2717
247
6613
9747
389
4231
7852
7643
9979
9854
4685
6597
244
9963
2281
6215
3526
8002
3822
5241
51
3965
5177
3008
4487
4724
4983
3217
8990
9883
8899
322
3769
8847
1682
4161
8497
3132
8303
5076
4234
4504
2746
191
6145
9355
728
3347
4508
691
4785
4030
7796
2166
3062
5896
7639
7976
4667
5871
8493
7550
4833
8407
3659
1931
4488
3068
6820
2890
9329
265
8127
311
9423
3168
7598
1709
9916
5532
3451
6164
4437
8451
7700
3416
5453
7471
4794
1161
5854
2948
7483
7803
756
4169
988
1788
7704
6509
9066
6448
3724
9275
5511
8427
9779
7470
4582
6453
2523
1188
1470
6571
6130
7843
5925
9722
5406
9559
8753
1744
3165
9999
4351
1485
8795
6090
9085
6905
9464
9095
5126
632
9083
9720
3100
7187
4734
5403
8079
8125
976
2461
8819
3315
3396
2351
3143
1129
8339
6630
8769
5773
5622
2204
4617
4135
3079
5547
2376
9453
5594
9894
6274
7693
7561
169
7267
1334
9459
7781
336
3195
2258
935
2325
8996
6414
7261
3946
9445
3141
1147
4455
2335
7197
5142
1514
6111
5939
7527
1639
6710
5327
2365
8637
9284
982
6390
5758
3313
5887
8578
8488
7321
2931
1877
5131
4864
5255
9465
1955
2301
6951
2569
9310
4923
9970
2299
7769
5621
8030
2026
5914
5530
7002
4917
4402
1321
4034
9462
8525
1349
6085
184
8992
738
871
2079
3330
2924
1190
9112
5966
4679
6021
5287
8941
7510
9919
257
4384
1753
7171
4959
7293
5248
1170
9733
1505
5220
2892
5821
7630
2388
4817
7233
7921
4017
318
4262
1319
2185
3064
7543
7099
1527
8835
4277
7097
1003
5988
696
885
419
4950
9303
8598
6559
9624
6553
8011
2997
3543
50
4380
1598
2563
2875
3756
4615
8489
5376
8991
2200
5446
4550
3047
4791
8351
8909
729
9463
5857
9191
5800
1775
1857
7495
4891
4896
6262
7525
3119
3918
5704
7443
197
4519
9623
8980
313
9451
5297
4697
1247
1811
4103
8634
520
5995
836
4106
854
6669
4512
3032
8180
8322
8429
8643
4554
2385
3988
1611
9071
4138
6373
6000
87
45
2817
2391
1309
1784
9175
7894
7860
5626
2912
8965
9351
5500
3420
2494
5747
6660
541
6672
9557
2596
6258
9152
6385
3616
880
8096
2219
2324
4683
6899
4357
9859
5850
8966
8113
7599
4745
7416
562
5429
228
3201
8417
7421
2430
2243
7163
1922
4370
6006
7691
5673
8588
9692
911
5419
1849
146
8146
9673
9229
7139
6460
2977
2153
9058
58
3209
901
3740
6503
8042
4225
3034
4952
865
3172
5766
7246
1866
5094
8223
6496
4347
3654
4117
1084
7277
3602
6045
4928
5774
122
3771
4389
9069
4013
4123
6671
3778
212
4237
101
5599
1770
4165
8771
2435
4146
2428
4651
6185
5624
7346
9745
5002
2571
1053
4333
9650
7723
692
1203
7802
52
3923
1793
6762
7005
4987
1754
2481
211
5371
9438
9695
9980
1138
3375
4823
3933
3152
2060
1854
5781
6611
3292
9403
5642
2976
9436
1785
866
5728
5888
1382
182
8500
2827
4230
6285
9766
4646
6445
9524
4352
3628
351
8517
4567
408
5497
3305
8469
6329
3007
2729
9349
2078
3264
8533
4630
6950
5842
2549
283
1021
8444
5907
9696
6311
9768
8787
3734
4494
8626
6856
2675
5948
6018
2664
1760
1844
3418
2425
2698
8654
2222
3463
5240
5372
6662
370
1368
5004
7945
3853
3569
2224
8751
7092
5876
1038
4559
5039
4164
7614
5592
6703
6020
852
7874
8897
9223
3983
7371
227
7663
6542
1588
4345
9278
6719
3949
7975
476
6634
6449
6150
3930
2213
3299
3827
2445
7273
5216
2459
5165
168
5344
9865
9358
7995
5637
3171
3104
8071
8280
7027
2226
5461
7764
7711
9701
9331
4638
1329
2550
7118
6210
8233
4870
8288
5764
5645
5555
3598
6664
4309
8902
754
7591
8556
1659
1568
2491
3436
9193
7970
5548
7364
7320
4750
766
9397
9773
1913
2429
8378
3135
1177
2378
2283
226
3565
422
7440
5439
7506
3460
9744
3535
4447
2547
7647
6708
2602
2670
8423
4459
9430
9499
6023
8393
6065
635
4027
9413
6306
7137
6312
7300
7929
9330
5273
5772
4373
1939
9424
2712
1472
2502
5544
8094
1603
9537
783
6813
2806
6135
3700
284
5456
3727
384
9737
8181
7398
3274
6003
5331
9119
1818
2194
3435
8420
3312
6858
9195
1932
4478
2251
363
3826
8305
9806
7487
4093
2165
7724
8161
2744
9240
8542
8668
2497
9412
6196
4611
2437
7035
9087
1994
1821
7659
784
750
5494
6275
4005
5249
4949
1864
9125
2981
7631
6478
4000
4635
9129
7526
5754
3787
3777
1490
9681
1921
1239
2319
5033
5005
3677
752
3947
4428
5901
7826
7208
5113
3696
93
8262
6197
8776
8718
1012
7049
3684
2925
2570
9311
2686
7201
1025
5482
3624
504
5120
2456
9138
7727
1834
7152
7873
6890
3130
7574
6761
5394
642
808
9950
5451
8199
6589
9848
7211
809
6279
4202
5841
1597
9047
1262
5123
3341
4248
161
335
8789
5902
4583
8442
397
7080
4903
5671
1652
9025
6940
251
5116
1119
2101
8258
3346
4122
2053
9866
3234
7792
3662
2059
4688
1125
9426
5818
2501
4601
4206
3477
4808
7216
7212
6176
7260
1968
9977
8812
127
3288
899
9884
5098
338
2227
9183
9570
3377
5546
5104
2424
1027
6539
135
2909
4259
8881
350
6118
8078
8217
8467
8265
3301
5903
8115
1431
5909
1194
991
5099
9383
2534
8126
5022
1315
9505
5983
46
2015
9448
6775
5740
3228
4820
9315
8746
1766
1890
515
1057
7958
9836
4924
7339
9932
9102
5081
1347
6430
7670
2725
3381
7012
4037
7455
4908
7717
9271
6384
9105
7855
9136
36
9580
9316
6897
4529
787
9443
3466
7391
3731
1649
4922
4003
1211
6942
3713
6754
2656
1022
1273
7121
3230
7819
3798
2588
2614
6398
6694
8484
7524
2254
1846
9816
1764
1427
8922
5963
8947
2865
1790
5576
8584
8703
6649
3532
833
5192
947
1983
3441
8229
6875
8323
6267
8838
9562
9672
2695
3652
9968
78
5992
2514
8548
1869
9261
2537
24
8346
9440
4859
2994
5462
3054
4980
6073
1460
8591
349
1553
8529
8915
1432
2958
3857
3977
5257
8942
6062
9054
8550
8898
6494
8091
449
9344
7276
6044
7822
8087
1725
4390
4359
7567
5041
2902
5717
7902
5072
4118
4119
6069
3825
7740
6002
2327
539
3105
940
2642
6370
4668
8972
9700
4381
307
4810
5083
4379
2495
1046
7430
6228
650
2097
825
6436
8397
5928
2257
9535
2685
7063
5135
8210
3864
2499
3651
3
6683
4742
2450
9528
7671
1926
3564
7946
5911
5146
8031
6843
9953
5827
1215
4973
2284
9989
3794
5187
4321
9625
4919
2100
3870
3760
1149
1401
7162
9763
457
9510
5336
7458
8782
6129
9036
4395
2929
2362
3290
4624
8119
3174
6423
5057
6227
3675
9010
3676
6134
1570
8678
559
7226
1976
7899
1782
4887
9029
7295
1407
5825
6495
9110
8136
9704
1735
4018
6434
9545
343
6481
471
9751
8887
2380
9146
7194
7689
9787
4934
9103
6711
2471
9671
6447
2704
1208
2002
4176
15
8785
2785
4105
9490
9454
2524
4902
1471
13
2364
1465
9493
7362
8521
4606
1488
3529
1929
6563
1789
4718
1838
5410
1260
2979
9956
6028
676
4486
3386
1779
6909
8474
1387
7428
4986
2221
5956
3712
2006
4893
6984
9967
4761
1954
3580
2223
9846
1164
955
187
5723
5716
1056
702
7381
5560
8283
3718
7489
6252
6395
261
9257
2933
681
33
9405
248
9805
7832
9323
9982
2355
6048
3896
6313
5620
4936
673
7205
5183
4443
8798
5630
8993
6980
7394
3421
3348
4329
7214
5721
979
6336
1281
9627
6171
8647
8239
4531
6784
4613
7279
5513
9709
4832
8597
806
2940
8961
6318
6342
1886
5690
4189
5698
9732
2169
2592
5828
3423
1666
7771
8021
6753
1706
2206
2188
2690
9369
9502
3610
7284
5431
2484
8123
655
9863
8518
5862
1483
3278
3137
4192
4257
4776
6935
5380
3516
2959
7159
4492
5684
5724
6602
3424
4532
5897
8973
6124
5167
6035
6807
8206
3560
1738
674
8364
1356
9015
38
9081
8319
1380
4399
3807
2464
4152
4898
7266
3284
3013
2337
9585
6755
9200
4410
8284
6411
9975
9821
8174
6404
713
7516
2730
7539
8450
5656
1419
7024
9684
4039
4564
1326
4185
1142
1067
3081
4843
8017
1803
1377
9670
1362
7825
6483
9985
5473
1871
6587
2331
4967
3505
43
938
7609
1075
8956
4064
8691
3488
8759
9342
1010
7236
49
610
5658
2054
6623
3638
278
5980
10000
937
7053
5741
1979
6360
3524
2352
8302
147
2813
5934
3069
6557
6046
7763
3216
3212
5672
1328
414
2721
3793
3717
9506
1727
9269
7048
2414
4612
5052
4681
9852
511
7133
9414
3110
1313
3204
4386
9028
1833
296
8728
1933
8347
9716
353
7065
2713
9379
1891
5432
601
1571
3963
9197
4732
2111
8316
1806
7186
5837
8676
2663
1418
2314
1875
2320
3688
8449
7288
8774
1861
2127
5032
8208
8349
5073
7376
453
368
9123
8415
4533
3737
7109
700
3672
1492
2834
4282
1673
6848
2174
867
9385
1580
537
5710
1693
5487
3838
6741
6061
6898
9572
1502
8620
2560
1815
1338
6999
2641
6512
1936
6516
4799
372
5392
306
4270
7034
2120
7147
2389
90
8234
6574
1953
5528
7232
868
4798
6165
764
9961
2255
5308
5303
8143
1035
4822
9958
6973
9163
7243
105
4538
1386
5696
8815
3107
841
4549
6960
2539
7924
3972
578
4764
8935
7206
4790
5953
309
9984
847
4436
8307
1301
6075
9686
1914
708
5452
9345
1045
6247
1393
8793
3608
5049
2982
3958
9188
5870
6223
216
4801
1934
6646
6284
1396
2555
1302
4671
1379
932
4815
524
856
6714
4803
3786
2503
3084
9838
760
5527
2373
1998
1589
3726
159
444
4139
9189
7898
1720
1870
6259
6316
1804
6325
5151
882
35
7303
647
1364
4029
2966
2276
5863
5967
8507
6699
4145
1607
8777
9532
6796
4255
8190
6674
1017
5869
5250
683
4603
9199
3574
7345
4680
685
8337
373
1071
2787
2861
7520
1963
325
9729
8700
6452
4462
447
9662
6029
1543
8940
4590
1664
1494
416
6739
1408
5162
2922
3133
1183
4173
8359
2022
6771
3360
8536
3910
822
2676
6977
1731
3997
2121
9924
4954
2076
5351
1
509
9666
8861
3276
6114
7459
2107
8964
2451
4737
2927
2164
583
6827
8402
8000
6795
6551
6831
479
7593
8603
8463
7148
1475
538
3900
9940
5979
2703
1479
6934
9664
4518
208
4222
6900
950
7857
1694
7196
8501
6514
6724
5233
3480
5225
9187
6287
3192
9147
8981
8783
2008
9702
705
8035
2955
4283
6081
5681
9864
5823
9432
1944
4861
869
2398
1768
4846
54
2084
8167
551
482
8029
5752
7245
8717
4706
4781
4841
4213
7900
8821
9954
7961
6116
513
1375
3546
8104
9778
5549
1120
432
9064
5424
3414
1626
2239
2158
1895
9319
2957
4205
3785
5086
1336
6886
7954
2315
1324
8666
4542
3232
4015
9794
9097
5231
5578
2804
2877
3265
5899
2620
8865
878
6958
1295
5761
5148
7215
5103
1186
6099
4178
553
1537
6173
2540
6707
3406
634
4284
1916
7278
5960
4511
4342
1633
326
8052
1269
1511
5064
2619
6920
5168
2646
6712
8388
4754
3242
3802
6296
2657
2039
8270
6491
255
8481
8318
8163
7984
2012
4956
9321
9832
3559
6433
4367
1287
8236
6932
4063
5413
522
59
1576
8026
8342
1381
7997
4461
2625
1192
5751
6870
8863
7582
4930
3541
5388
7190
9420
5037
6585
2168
6389
1548
8823
9282
7240
7798
943
7456
8040
2606
6679
6198
8799
1222
5015
5749
2124
2784
5277
1388
4320
9819
5558
4691
9995
8986
4505
821
5128
2439
7554
5021
6337
8929
9515
7166
7552
334
2028
5878
7257
5172
6894
3066
160
3332
6995
5190
2423
7972
3476
9543
8600
7318
1733
7605
7746
5293
9098
2294
2062
3255
4019
6906
6747
9829
4344
6736
6540
569
2181
4707
8176
668
4072
6051
5106
4747
6657
3434
9823
2728
2860
291
7220
6917
5629
1625
1236
8485
8546
8895
5734
4845
3723
8107
5088
7332
6508
3705
5355
125
102
7749
7750
7665
7006
905
7338
201
7256
1289
6128
2
1969
2218
4640
9048
7357
5913
9886
7061
6225
3410
4006
8281
5631
1558
5676
7082
4318
4497
603
8437
3625
1023
8367
6768
2105
2808
7423
4652
1458
7906
8781
1791
2870
1059
8422
8903
1231
9336
5739
339
8561
2844
8788
1073
2353
9790
7739
9677
3459
7507
486
816
5801
6346
1152
548
5313
158
3982
1699
8343
4978
4819
7616
5111
9927
8579
5067
5105
9632
5563
8631
1941
286
7584
5776
3605
246
4203
3815
5665
4440
7785
2058
2037
9801
6037
4821
5400
5440
8882
6526
2566
1198
8027
5538
9587
9384
7770
8014
8477
9520
4391
2234
1411
6420
8464
5318
9043
6291
8122
782
2919
1337
3342
7728
1098
3566
3917
3572
4751
6036
3585
69
6122
1559
2636
2580
6213
8523
1949
1223
9045
8148
2477
6009
9094
1235
3037
7072
4673
5058
6441
5940
2961
268
1629
2836
6317
8669
6582
70
55
9947
337
6502
9016
6364
7094
9595
2758
6356
3378
3921
5014
7091
4464
4332
2989
6358
150
5145
1534
781
1742
1943
7683
9598
6765
2578
7515
6541
8110
9639
9335
4366
3206
317
2068
6668
1668
7973
4420
7417
3926
9171
1034
4279
761
5873
6954
4441
3693
3986
1924
6518
9409
2594
2404
5737
930
4033
1459
71
3058
5661
3158
8487
3266
1942
2621
4731
8983
7514
2366
3898
9063
2489
948
3390
7512
7209
6376
8968
1736
4142
6136
8587
5787
7797
9390
6864
3633
9889
5335
4974
2624
314
8357
3618
3404
3365
4634
9615
9252
8645
7634
5881
6282
2186
8482
4126
5267
2442
9040
40
980
8998
4825
846
7044
599
4483
5844
3692
2595
2228
6810
4578
8957
1522
8171
1590
5153
5529
5442
5785
231
1532
1698
2723
5604
7686
7836
2884
1074
3702
4722
315
730
7502
3642
426
6159
6763
3492
2741
9638
9530
8918
8633
5813
7863
5348
8003
4521
6240
7258
3188
577
3866
8296
7219
9471
48
3371
9629
8418
9509
1348
9675
3208
4970
8859
9408
7648
3307
9212
2878
1904
8694
3890
3944
3525
4885
3665
4008
3829
5475
3491
2535
5087
6751
3183
2209
6963
3981
4216
7837
5222
2857
8019
4011
9837
2125
8194
8601
7081
7668
6915
768
8216
4948
4548
3018
1898
3502
9181
842
9011
8513
3025
5260
8595
8460
9955
2307
3781
9350
7955
9573
994
3593
2852
1752
6680
2286
5150
4463
1491
8514
5579
8044
225
5374
6067
3470
6014
8547
1042
2694
403
7501
1964
6251
996
741
2436
6583
7490
7140
9869
6505
9771
8952
792
7352
3339
8856
627
6955
722
5613
2312
2000
5363
6172
5833
8913
498
4795
4311
5848
7327
3640
4558
2818
7814
6269
4580
7088
6047
5937
1880
2849
388
8649
8629
1677
7291
576
2117
6309
2848
5633
7719
7134
9756
5053
9815
7317
4517
8291
9739
4313
1209
2740
558
1171
6107
4085
239
3795
3289
3745
8552
8465
1912
442
600
6026
4409
8792
3957
8655
3845
6157
4238
5065
5357
115
6971
7156
6730
2854
5284
5069
4326
1989
5435
3294
3660
4473
2531
7435
6155
5832
1820
4727
7340
6041
9915
5705
7363
1549
4809
8697
931
3161
1455
1173
8153
8178
7025
6144
2480
3555
8938
6770
6326
5984
2405
2358
6072
3773
6022
7635
6207
3190
8565
8204
3576
8384
6528
5047
4609
5434
6077
4503
1992
6347
7944
3368
8672
837
9713
2986
3943
7722
6892
621
2145
8970
4994
7594
1539
7365
6919
7530
8462
5609
1015
6814
1909
6853
5226
3065
6057
9665
8665
8128
5688
3837
3867
9211
1799
4434
4154
5186
1132
1541
7677
7824
1466
4071
4620
6125
5910
5202
1374
2468
4686
5694
258
4445
2826
4396
5954
5534
8203
5853
3971
2908
5571
7910
5985
249
840
9552
8837
3695
742
5465
2923
4944
5127
9096
5936
2081
3772
4107
6904
4920
7736
3922
4043
4557
4977
9569
1121
2306
6688
5235
9247
9227
7237
156
395
5259
4666
6462
1048
3456
6576
5541
3271
7653
8814
9042
2802
4007
7055
222
8849
8557
8735
7788
1628
4743
3803
5261
6918
3402
1154
3620
7155
124
8358
6092
4701
2091
8921
1078
4272
2313
7522
5409
4939
2727
544
7534
4446
1730
6429
6121
8034
4299
3527
3120
5054
3515
1708
9748
3895
221
4263
9001
4702
3395
5601
3075
6573
8604
4509
5775
1113
7617
2201
3167
4719
3843
7920
8974
4418
4198
2623
4726
3599
8334
1195
3609
2905
5916
365
6166
6757
5797
3000
7776
7548
3334
4608
3494
4080
8075
7563
3539
243
3320
5119
3658
8496
813
4182
9840
2628
6094
2553
6294
3489
9590
3388
3181
1140
6752
7517
4854
6343
4945
615
8214
826
4451
5686
8175
641
6744
1996
1513
9974
1564
648
8139
7084
153
772
5644
8145
1908
250
4844
1007
5269
4081
8225
8695
6354
7666
2963
922
1816
7856
1016
5540
5016
1360
1524
6168
1498
1200
5480
3437
4082
5972
9486
6745
8618
473
5038
3126
6071
3784
9056
6836
2759
957
5221
5836
1250
2052
3098
2639
4148
7306
332
6372
4102
5991
6179
9256
4778
3666
5415
4425
2814
4762
3052
290
274
3562
6042
725
7848
7071
2134
7262
379
1398
1519
2282
8099
3432
4074
2581
9777
9909
9079
5378
2887
962
5095
5411
1547
3907
1473
3528
2915
587
7062
8846
2991
1828
9341
5444
4407
5298
7713
8196
3203
1609
7312
8659
6365
7324
129
4228
151
9498
4897
7323
3979
8826
2136
8085
9078
2292
5606
3553
8213
779
7369
6465
9874
767
8558
6286
8237
8182
6974
3028
3998
6300
8116
1899
678
9155
4793
88
7265
5524
6314
5702
7602
5343
6506
6678
9523
173
8335
1146
8377
3249
7473
5653
2574
8824
814
1346
9769
3861
1952
6633
2271
5566
8277
8967
1746
6216
4829
6178
4183
7629
8989
8409
9637
6979
1919
9277
2773
8625
2742
7013
5484
4155
8571
1296
7170
1525
975
8374
2910
7508
8328
7674
7085
4744
7742
5258
4116
665
206
5059
4915
5807
9400
3814
9398
4195
9352
9754
8382
1797
4535
677
7716
5436
887
7577
4035
3345
6212
4929
6996
3523
7804
7438
9952
1174
6738
1812
4036
3382
7370
9645
3974
7628
8873
3300
462
2643
1841
7513
4275
4653
3690
4984
6410
7218
2470
6554
8100
671
9549
3304
7588
5428
7608
1361
7528
7560
5733
1510
7161
7765
845
6969
3519
3092
5421
9668
8538
1019
100
3568
188
6504
7046
3108
9872
9994
6809
304
3729
7673
5474
6010
4115
7401
2034
819
3467
1671
9014
9649
1894
143
4738
5359
7989
5970
2825
2945
7060
6074
9738
4818
4281
2971
2291
5969
1826
3393
1905
2542
5026
5034
1467
8778
9391
8086
552
7393
1257
7562
2681
7829
1630
3806
4955
6353
7619
2645
8829
9439
6392
4599
1391
4253
2263
8205
3235
1486
2593
6406
9322
1805
7042
375
4260
3643
3846
5364
310
1088
802
3369
9306
6371
4375
4349
3753
1085
6486
2615
3647
163
3775
8260
7486
7662
7103
253
9026
4415
1270
1024
6341
392
3151
266
3715
1810
693
7684
3653
6642
9387
7968
3059
180
1556
3226
4149
8997
4985
8301
6186
1675
2901
4816
703
6665
3612
596
1755
6659
79
8192
193
8708
3318
3061
9068
6016
2504
7238
1772
5025
4042
7632
6112
527
9895
7350
6605
3893
5922
1528
166
2634
3852
9142
6651
1583
1618
7022
8726
2270
9688
3591
9225
1889
5798
6288
8381
7235
8112
376
6362
9969
7714
4120
2102
1293
4805
2478
4656
9378
4767
2809
1572
9972
4467
8183
1489
6243
3157
2652
1405
7917
7493
2382
4729
2230
7886
4414
3716
7164
5
7737
8344
4454
7373
4968
9004
8928
4397
9180
3606
3443
8803
1801
8268
2859
9920
4160
6487
7229
2575
2917
5266
7645
3213
4966
4092
3950
7453
4561
3679
6328
3851
2392
7074
4941
1814
6248
2565
1115
9334
6303
534
232
7479
4540
1082
7537
5891
6966
9634
5280
1839
7349
2559
352
9547
7947
1627
5675
8471
2950
2505
8166
2118
3969
4207
3742
5207
6896
6840
8628
8594
9653
561
3319
4137
7889
2407
6536
1986
2731
7818
4134
6859
4763
8786
203
5337
9263
5393
6194
1809
3686
7040
3669
1322
1526
390
5242
6226
6323
118
2840
8269
6982
6203
9978
7068
4408
9705
6586
6790
487
3939
2748
9121
2383
9844
3557
134
2612
3886
2033
5152
9849
218
9070
6791
1342
5339
1018
2397
915
5008
3170
9338
1181
3324
2225
709
4094
4827
8131
5079
8765
8687
4209
4996
1977
1710
8491
6463
2427
2699
9831
4553
9377
4520
1759
6594
807
3422
6773
9575
7903
8020
5729
5795
1956
4304
1862
5803
9291
6617
7294
4544
6986
9410
2064
1312
4773
9347
1376
7809
1202
9216
5574
1340
224
8754
7174
8408
7638
3973
8510
3015
1980
1579
8016
6939
3367
4060
4625
2040
6546
4226
9232
2142
6264
4720
9425
1523
1551
9020
4714
2951
4421
2338
7500
5028
8850
2719
7465
2114
1605
5521
5271
4723
5180
4675
7485
6403
8447
820
4448
3314
1449
3758
7290
5379
1616
6266
5441
858
6277
6199
8472
4942
5040
9833
6319
7433
6998
3993
3121
5268
3329
7029
9807
4541
9589
2590
7207
7931
2115
3455
1291
9487
4768
4971
2557
7943
9715
4287
99
5744
1145
7448
3227
1740
9251
3089
3582
8308
9254
5557
4866
6600
4481
6953
9491
5425
6331
1335
3428
9242
5160
8761
5577
1224
8371
2297
6281
3865
8101
2771
4957
3920
3447
4629
2609
1581
9060
748
7697
4757
4753
7778
7087
7449
3469
9173
3614
2952
7923
503
1707
7253
8908
1325
9541
1825
3311
1555
9477
9034
8240
6994
6272
1493
2792
4921
8448
7445
8222
4495
7341
6878
3584
9076
5345
8321
8440
172
9012
2803
8679
3337
2361
4330
594
4180
1028
7518
3180
8039
1521
9991
4607
1182
5748
1771
4847
514
8077
2147
4834
3932
3791
5356
6321
4090
894
8877
1413
9131
2192
7800
2073
4909
140
1029
6237
5478
1859
1702
805
3978
9283
8975
7250
9948
452
7644
6693
2507
5531
508
9137
7179
1245
9222
2777
7269
4709
1306
109
3097
7690
5689
2356
6310
3244
8639
7967
1234
4078
3733
3179
4187
6879
7536
5668
7203
5851
3804
7059
3517
6357
9456
1463
5239
1285
3808
9592
9375
7999
9693
4294
7882
6959
5117
8001
7037
7322
9107
1662
3093
7558
3738
8202
2687
6292
1777
7867
5223
7595
966
9267
5459
1244
1868
4883
573
412
3057
9196
3259
4457
1503
4490
4662
936
3938
9867
7252
3196
9782
2965
3049
5677
7652
2087
467
8660
1399
9488
451
6696
3184
3694
2879
2726
4502
1797
8401
10000
1476
9197
8605
3929
219
4763
2115
1349
3885
7899
4123
6349
4463
7529
8200
1044
3725
9632
1204
7584
9347
4640
5497
6665
539
1161
4060
3944
5878
6258
7005
3610
5885
8217
4989
1378
8076
6945
5028
5416
7931
4288
2885
5948
1283
8053
3095
6626
3247
9284
342
7299
2295
5200
6737
6675
8012
8417
5513
9568
9686
170
8979
8409
7050
2964
3329
4676
5716
4090
4094
9804
2320
3515
656
6571
8872
5485
7587
3545
8881
7404
6244
9668
2532
1048
9107
2634
7742
8897
7385
8413
8116
2497
7967
7142
4196
1513
5042
7239
6840
7858
6917
6523
5093
4274
3901
9764
2003
9109
9569
5406
4235
6554
4630
1316
3805
8193
7046
4356
3106
2853
9189
8912
1148
7819
8239
5905
3462
6096
9536
974
941
3756
7433
3280
2208
250
6304
8757
5640
2664
4436
9016
9991
6199
3525
6616
5360
4782
5775
1777
733
3168
7284
8818
980
8486
7178
2131
5537
6938
3226
5278
1972
4073
5106
2787
6178
6281
1163
213
1217
271
3071
7608
4460
4702
441
9860
5141
3169
3469
4788
1887
3136
8185
2877
6898
3411
391
8803
6441
1709
6870
356
7173
4122
5555
2721
2856
4370
5910
9205
8443
5374
2986
6904
7115
68
2782
9209
9318
4219
4424
7372
4739
3121
1979
1345
9595
4321
2213
467
9757
4295
1830
7283
4222
2088
7732
1209
2038
9641
5879
8157
6157
5531
9252
6267
1873
1804
8521
6081
8657
966
8935
9877
3660
7237
3001
5300
822
9659
3754
7274
4727
3015
4919
1430
9590
9366
7582
9580
4896
4421
5276
5686
4577
4574
3735
2351
3335
2429
4829
2969
1528
237
7353
6829
4558
5982
5540
5393
3925
5963
7786
8514
965
4417
8410
8572
3466
2332
988
4353
4271
609
3922
183
924
1436
8568
4214
402
5237
7929
2371
2515
2884
1755
4875
1647
6174
2992
4126
7900
3893
930
9005
3209
9479
1221
7202
1472
8471
6657
4559
8010
8857
6504
9260
8234
4954
2489
9364
7195
7118
7247
4659
6733
5599
2083
8109
3701
685
1894
4593
9808
588
5833
7356
8104
1734
8626
9527
7389
1574
5754
9222
9898
2029
9337
632
7818
3789
8735
122
4887
8000
5390
4912
6498
1745
3496
7760
5557
6053
8727
1974
9721
5082
3374
9237
4771
1326
884
3104
2940
4588
649
2524
3790
2465
3231
7146
7594
4992
919
6430
6182
504
3869
3206
3166
4996
5188
9588
9953
913
4778
9592
1591
6116
7809
4650
1133
405
6987
8068
5518
3326
472
7067
3453
9472
8536
1815
7209
9931
8188
3918
9104
1636
7432
2149
4255
820
536
5354
2330
6645
2254
488
9111
2500
7235
4453
3637
5144
1892
2333
2683
5838
7057
3528
3667
8209
7101
7687
6355
6845
4039
1791
7465
8586
340
4005
6998
1565
5328
473
6460
6003
2472
3413
9354
5346
7025
1070
56
7839
7271
3321
4942
1816
5063
5876
8190
726
8215
8476
180
3510
2442
7199
1597
3618
3816
1173
4893
5950
3129
7215
1368
7028
2733
1248
9110
2160
9450
4004
1614
7621
7376
2017
5286
5966
1296
5396
6135
2903
6006
6649
3320
9158
3185
3381
8178
2920
4243
6149
278
3550
4500
5193
3360
457
9232
9905
7563
9294
8637
8356
993
1982
1642
8080
1112
8832
5608
3989
9656
7550
5990
8933
9743
9239
4277
1184
7627
8804
3865
6544
6686
8562
7816
6993
7867
1583
9946
4759
5745
7246
874
1023
2023
5449
2185
4471
7788
175
3324
4970
3822
6426
674
4187
1586
9271
9146
3101
8237
9852
9215
5975
2455
5089
423
3732
8992
9451
5292
1841
8074
2049
9896
3722
7658
4957
6587
8621
3594
8890
1653
8333
5114
3283
9213
1417
6615
8840
8601
8543
3595
5261
6708
4092
1081
4950
375
1325
8372
8810
3895
3910
741
9102
1199
2803
6775
4161
8927
6666
7613
3713
2682
4311
7909
8384
584
2116
4784
2897
2584
6277
2136
4964
4018
3263
1618
2373
718
3911
2035
7487
7162
3512
3339
6002
1622
9190
4683
6012
6881
5318
7719
9608
920
2551
2345
5550
438
6275
9113
4179
2248
9629
7694
8577
3344
6432
3537
4850
9193
2360
1079
2027
2483
4496
2828
9619
2523
8750
5379
5155
1481
992
1808
1895
9059
2448
9486
7919
3119
3483
4994
5617
308
7159
3336
4439
9170
6871
876
1526
530
3026
5591
860
6459
8545
1782
1274
760
1457
4030
8661
2193
8211
3972
364
1569
3383
3500
9801
8430
1948
6072
9301
6119
8050
7918
5763
18
8230
6368
692
1503
7149
6956
7054
2613
7720
4809
7534
3776
2054
703
8975
2386
61
8542
5727
1724
129
8710
9746
145
6083
8484
7942
8755
7355
3117
689
487
7656
6580
3487
8962
4211
4221
5769
4026
3358
3758
6046
17
6910
4258
7322
3892
2948
6497
7116
7153
9709
4381
1950
8846
985
1492
3976
8366
1673
7727
4745
947
7204
5594
5180
4241
4627
6726
7651
2162
1268
3543
2650
5719
6134
433
520
3284
269
4621
7974
8327
7795
7708
3116
4302
6217
2133
735
831
2237
9210
6771
7088
3641
5828
9180
9839
2821
4947
2979
2501
9051
6377
6847
9
128
7741
2945
4336
209
1077
1105
466
9636
4799
3508
5120
8263
1603
3564
7172
4842
2621
1920
2599
654
3163
2317
2111
6022
6151
7925
4251
4053
4827
6233
901
5205
5641
5324
2909
3261
1609
4362
5542
8147
1901
909
5638
2274
3666
4203
7371
2215
8149
4113
2506
8090
177
9441
5692
9266
610
6760
5284
8517
2875
5659
2763
106
4371
6014
5348
4131
3480
9014
2667
3068
6838
4400
9068
8860
304
3574
9495
665
6091
6698
1082
6664
4143
3227
5988
2809
7217
2847
4806
549
8791
1926
9732
5213
3672
6026
3294
5496
3219
1680
6770
8629
6975
996
8513
6100
7870
6630
5577
6624
1308
9372
4275
2469
3057
4327
5015
6016
6064
828
2643
5552
240
5750
101
9700
857
2951
8015
389
5123
9616
8682
2744
5930
2126
6111
7042
8048
7912
5666
4033
7576
3014
6485
5746
4445
9745
431
3370
349
2947
8879
8151
8835
8773
6204
956
1694
6097
4792
5525
4817
1136
8703
1704
352
6150
4596
7642
886
8191
2565
4151
9359
7546
2426
509
1594
149
2119
4918
4720
1238
462
9306
6318
6947
8785
4402
6435
446
9944
6457
3274
5826
7769
521
7893
8357
1824
6763
7029
8483
26
3077
771
2364
218
5206
5755
2384
8686
5371
5587
4293
7450
2473
3239
5606
3628
1085
7084
5517
9598
3773
7058
8854
95
2138
1836
7887
1512
1687
800
6272
7671
7030
5385
6376
3572
7459
6642
5808
143
2306
294
1137
6070
7787
543
412
1260
1150
6738
5011
168
9524
506
7573
5741
6827
1348
3406
599
5073
8138
1053
8258
7961
2915
7992
1395
9078
6471
2596
9811
2282
8097
2585
2696
2269
6866
7558
216
1303
3107
7519
8650
1500
4563
4800
960
5633
6383
5536
2050
9970
8676
1222
4975
7975
9674
5231
7940
3069
2026
3544
7902
4021
5575
6286
7318
1473
3488
757
7679
675
5872
7884
7169
2450
83
9921
3145
8968
37
3122
8529
2154
2323
6672
8533
3840
4815
4372
6078
82
5726
3881
9525
7220
5176
4697
3232
8055
1712
7988
3821
1840
942
5703
9186
1676
9957
444
7423
3546
4553
8473
4625
1912
5609
3067
3872
3296
8171
7258
9615
448
8260
384
331
8539
460
8079
9643
3372
2064
4110
7516
1751
1160
1507
2508
6050
8288
4486
426
3947
7361
7828
3867
7605
28
8617
9630
739
4566
6427
2114
7874
7452
9052
4707
7915
9526
1671
4385
3290
2242
5477
1167
7960
8758
4359
6274
55
4789
131
7631
938
9770
4430
9490
4349
4077
5263
6401
9387
8197
8922
2470
1898
1364
6741
2463
5858
9682
1980
2505
2498
110
664
937
5911
6994
4380
9955
4393
4201
8020
6553
186
1870
1843
9086
2186
6663
10
3621
4951
2314
9381
6605
8649
1859
9818
8043
8736
5642
998
5431
4348
5197
7275
948
1406
9907
5722
3534
5850
4528
6901
853
6495
9718
1796
5319
4389
325
9114
6687
8131
7210
9177
5768
3350
8378
8184
8057
3442
4895
6879
3202
616
1067
547
3007
1582
3755
7674
8075
2209
3181
3741
5445
3626
6098
6806
6842
5230
2013
5345
3825
4628
3255
323
8963
2836
9791
3940
2176
3516
7997
8906
9842
1102
922
676
8728
6522
339
4675
1192
5004
801
5484
7750
8017
9244
8133
4238
4234
5970
9139
7824
2580
8280
2908
7259
1127
6351
807
2550
882
1754
6418
1846
4858
372
4874
2096
1155
3376
8414
4949
4812
1223
5912
7923
7138
1396
4416
3960
6647
7941
1893
4876
2058
7544
2557
2800
4173
2537
2865
9626
8981
3997
3278
9292
5764
373
8305
6721
1056
7939
1114
2396
6886
1090
5689
7302
8
6535
3714
736
1510
2122
9417
9755
6682
4158
5250
2474
7644
3138
9442
7463
2481
8027
6897
3140
3809
2293
8957
6241
9385
3149
9737
2639
1118
2837
5105
3657
2881
8494
730
7395
6736
8907
1558
9207
8980
5947
4464
6984
9567
2933
680
1813
7879
9031
4892
7393
9578
377
7962
2838
9048
2428
1589
326
7938
2228
4726
8678
2440
4859
969
5062
2451
3128
2748
9040
2098
1051
6811
7434
8959
7664
8989
8886
3062
7518
3691
1495
6857
9640
8698
9925
5323
6101
498
5535
4680
6599
4167
3784
4580
9389
6758
3003
5814
7609
1774
7881
1092
3982
3306
7827
3300
9620
6887
3379
5994
2190
7359
9140
8844
5625
5098
7645
9328
2587
6231
136
5436
8014
758
5070
5790
5567
6852
849
8332
2157
4338
3652
419
9004
2776
6284
4671
5285
4212
2786
6688
6278
4431
6839
4674
8684
2578
4216
7219
6108
7191
6103
5074
9838
6582
1668
3342
1289
1839
1202
3769
9519
2101
1346
494
347
7073
4382
885
7307
8066
4903
5409
3868
7035
4967
7953
7023
939
5889
9895
6734
2988
8220
6048
3863
33
4804
1007
3175
1854
4304
1421
2375
6518
7212
2266
3221
6454
6592
9884
6774
5271
1442
8100
1273
2385
3452
9507
3588
8320
3524
8330
9942
8323
6123
6381
7102
5297
3177
2447
4044
2011
244
1156
9141
9920
9131
8689
5459
5857
67
4569
4728
3289
8512
1921
600
1908
7647
7338
672
9735
224
7599
7462
3753
5139
8856
9236
1003
3187
2042
2382
3489
9644
5462
2240
8964
9276
5935
6057
5044
678
4042
1437
7100
1559
7095
2336
8887
3417
4712
9311
1431
4399
8182
6234
7014
7224
7040
5582
3126
5986
8694
3993
2839
3268
8850
3504
397
4651
5281
8901
4228
3212
3573
8713
1987
6752
841
7428
1958
2082
4824
8493
5802
786
2693
9762
4694
2048
2590
6809
385
350
4278
9964
9089
3999
6184
7513
6311
8387
3225
2438
7186
2156
5392
4531
1683
1058
5221
3179
9913
2301
7052
5092
5647
7015
2591
8891
130
7690
4753
6648
8991
6929
4754
3796
7478
2989
6882
6425
5788
436
2496
589
9438
8749
9361
5660
9257
3742
3030
6133
9050
6729
2261
8540
2848
2256
4879
283
3801
9577
1464
2788
9992
6299
3449
9460
4841
5314
7799
7314
2150
9072
337
558
5228
2480
9159
8033
6677
5478
5010
9726
7227
8004
3970
7286
4911
8611
768
1143
8314
2238
1635
6508
5945
9181
7427
997
5939
4411
3102
7076
8841
9343
427
3233
2757
3873
8442
551
3115
6536
962
8590
8187
8326
2132
852
3051
9188
1409
6622
4526
6321
7976
3176
8201
5289
4289
6482
2270
8242
7526
4513
2855
8946
6596
7363
6379
1803
9843
1851
4814
7507
2566
6017
2152
712
7198
1701
7167
1401
2594
4320
6327
3549
5215
7325
4748
2996
5071
5621
1928
7492
5992
2486
2001
7039
7783
3749
645
4052
4266
1780
3670
4913
2321
1852
1029
9026
9943
9120
6991
9879
7145
5012
931
9203
9200
4300
6499
4282
1061
5412
1825
8084
1882
150
2273
7249
8102
7790
6112
2658
7096
1427
2047
8960
986
3154
8392
6159
1247
4761
9836
5145
533
7470
6213
1891
5933
7875
3240
1187
9945
2259
7337
7354
5503
1752
4387
3517
5629
3606
2379
2318
8561
7716
5781
2736
5156
7945
268
399
1714
9162
639
2400
1776
2342
3190
6896
7315
6796
8121
7643
9317
1012
5835
3307
5102
8181
4595
3275
4730
6805
3984
5464
8624
3716
623
3245
1963
1716
8087
7630
8934
5672
449
3624
7597
9906
5340
1669
5121
2866
1903
2411
1242
4542
7104
6270
9823
2441
1721
3049
9837
8874
6931
4872
1847
3418
5454
1511
8974
9758
407
9751
7873
3477
2387
8929
3438
8558
2134
8753
1382
3223
160
550
9872
7260
7132
2309
9996
1315
2567
4928
5264
8793
6900
9001
8334
4719
6564
8862
6813
7475
3249
2398
4038
4478
7244
987
7798
5928
4156
7488
2573
6822
2857
3160
2052
6849
4484
36
4939
7458
3008
6287
5050
9954
4415
1009
7168
6804
6777
8246
7520
8245
5767
7276
8855
4180
9867
4532
5819
2239
4129
319
4830
5351
4833
7572
6632
1884
8847
3570
7739
6324
6280
4487
8899
8065
9772
5493
1883
5149
7474
9622
3619
5695
7321
3390
1580
6007
2057
8285
9594
2971
5349
96
4061
7933
2495
4979
1537
4758
9704
5959
2773
5126
2815
3302
3730
6588
1071
7109
9849
1477
6077
7166
8596
9253
3058
73
5078
7639
6955
7422
7362
1914
3400
6403
7663
4322
9268
4063
2994
171
5770
7669
6943
1292
5715
3750
6662
310
7678
5223
8638
6717
7568
5160
303
4148
5823
485
871
7041
5849
5863
9827
5265
8692
8573
9522
893
5653
1784
9369
5967
7484
4313
4689
9662
6200
6374
1366
2339
1454
4429
8784
6906
1868
6225
6397
8165
3472
2223
3327
1272
759
8296
5273
2656
9729
3558
9360
3060
5654
6791
9510
9984
2078
295
3465
7928
3459
7770
4351
6409
4473
1696
2482
5977
4710
4120
1617
3035
8644
8819
8016
2965
8864
725
6207
5344
3412
5334
7826
3486
7659
6443
1968
4835
5931
9634
5428
797
3775
3098
290
2626
7876
9846
2932
450
7378
1280
7823
7065
8279
8480
3533
746
2181
1005
6715
3456
2530
5991
9136
6799
7615
5871
6164
2488
6930
8640
1626
6219
2069
5216
3228
2420
5636
3975
5455
6907
7401
9973
3856
8797
3167
864
7767
8998
252
9002
4900
1314
2171
1674
5597
7802
861
6831
7075
6044
508
5384
6132
1985
5267
4780
532
8259
4100
8620
9243
3038
3555
3018
3200
3455
3214
6487
4028
1978
4106
8439
2628
2813
4998
2542
2475
5809
123
6724
8953
4777
5470
813
9105
2341
9091
4027
7485
6056
7646
2454
8265
2592
2706
727
9230
2141
5199
4523
7493
9857
6491
5359
4225
9249
5556
6323
8827
4144
2271
9648
5942
6574
3807
2281
4217
6340
7053
8940
1761
5115
3933
6085
1989
7784
8396
1399
9756
6366
4666
3553
8037
9593
9088
5387
8355
7399
4019
8633
2790
5989
3829
5524
9214
157
422
1452
1470
112
1786
683
6983
1758
7342
8349
1441
7866
7729
8639
2167
4283
3317
1365
3337
1422
4981
4652
4065
8324
7950
6936
7653
9926
4465
3252
9433
1795
1937
430
1103
7721
6099
9509
586
6976
4076
3161
4312
7324
2417
6297
6821
8127
1620
1885
3144
9476
3834
9006
2665
7580
4047
6154
3332
3429
7578
4263
2593
7775
7985
4188
4688
8665
1214
4897
7841
7715
2205
4492
6825
2478
8534
7074
617
946
3384
7849
5482
8721
6476
4290
9217
6923
496
4138
6767
2963
2513
2931
3265
8354
5865
1240
2158
4091
4937
3763
7072
5134
7414
9821
9240
9663
968
5544
221
2802
838
2605
4133
9768
9395
3006
7248
4864
6801
1645
1275
648
2107
5163
4015
677
1084
3297
3832
92
501
2872
3977
1689
1183
255
9859
4607
8488
338
7512
4613
8498
3066
5882
1969
3593
6872
6841
1412
7185
687
3724
32
7718
4428
5971
76
728
9564
4204
1629
4342
1798
4328
6996
7850
6423
3590
7098
6393
1434
8253
6189
3827
4974
1411
3791
3371
7628
514
9962
8270
9702
5956
1385
1695
3397
9749
6295
8789
3668
4958
1483
1615
166
4444
3942
3270
4776
6478
2768
2109
7010
3387
9994
1334
8345
1765
6065
443
796
4145
3855
7804
62
5810
6674
9413
4664
8145
8575
8146
3612
2895
5499
6396
2255
4546
2870
1375
4248
9137
1563
317
2921
1697
9148
486
5551
6922
9477
4104
1096
9152
5725
8293
4007
4557
9688
9900
1482
454
1566
1855
1249
666
2717
8256
9055
8344
1487
4337
6860
3762
2014
8709
4457
4636
5976
1295
3540
6129
3389
6434
9761
1584
4803
3935
8198
1646
2135
5709
2071
2880
8825
8583
9028
202
9423
846
9409
870
7481
241
4035
9175
3981
5856
9073
4507
8426
7017
6411
2389
1175
9986
8618
9401
8155
7509
6239
3262
8986
8390
3416
3150
6547
3474
2153
6208
5476
9666
1210
9084
6331
3419
9585
5590
9497
756
2125
6501
7898
4441
5424
785
8428
7226
5580
9291
3864
2891
9012
2749
9378
2165
6948
9258
784
8446
8776
7706
5735
5634
5463
8782
8756
8458
9993
6529
9054
5097
9610
6473
4286
1083
590
5805
5103
4760
3053
6490
8520
1254
4793
97
9897
4716
3787
471
751
2939
3074
1879
2833
6146
1478
1065
8278
4927
2431
8837
3655
491
8580
2210
891
5336
5450
200
5229
7107
4101
6539
714
1351
1397
2526
7403
4991
47
3734
2002
6985
3235
4866
8432
1379
3623
6390
2077
4247
8491
8135
5030
8277
7924
1066
5006
8742
4930
7007
6156
6170
9017
6335
3704
272
6011
7696
9551
8173
709
4413
5717
9132
9890
9809
1619
415
7177
7549
7581
2731
114
927
8070
673
2139
6764
9288
1706
1034
6560
5602
3584
9165
9765
3699
3357
5553
4749
6816
5899
4097
579
7019
1205
686
2883
8642
4543
9981
2762
8985
5804
8142
5253
4711
4679
9446
8947
3909
1144
6551
5458
8648
4016
7815
6458
204
400
7926
280
7034
2025
8503
2147
7252
6575
9375
7821
4080
2468
6863
5952
9115
1300
3309
9129
2319
8272
7855
3463
7780
7500
1864
4839
8774
2766
3199
420
3793
5699
6245
368
9185
6748
7845
4085
9552
6361
5027
3803
1561
8598
8067
1601
2541
4375
2174
7135
3353
7238
1400
4527
9325
4929
6765
7622
3955
5492
6789
6110
3135
2329
9057
2108
1800
1093
563
1099
8026
245
5993
2169
2622
6025
634
1771
979
3005
1672
9373
6757
3257
5290
7391
8597
5225
3430
8462
2436
9805
369
9118
4773
6322
2549
9939
5786
3580
845
9247
1613
7905
9557
196
6300
8658
8999
5473
6095
8535
5107
6954
2944
6730
6650
9452
6255
6769
6697
8124
5248
4078
7388
9310
2063
6606
8672
9319
4510
4549
4172
4837
3355
2583
8708
4657
9775
88
7776
9464
5898
7833
3237
9156
9320
3939
1945
5984
9518
1659
1554
5549
9835
2313
6309
7808
651
6380
3665
5325
607
6181
7105
1069
6037
7556
5940
3765
9938
2021
8051
2363
2380
3310
3034
465
4317
7412
5589
3096
1992
1123
4971
277
1943
9904
217
752
720
3707
8086
8701
4797
8244
8734
4641
5295
3011
7906
8481
6952
6638
3354
5001
3470
6908
7405
512
2641
7349
6868
6410
8828
7922
4001
7966
4285
4102
2357
6667
2528
2089
210
3243
3047
9241
4383
8129
7536
3860
9796
1644
6590
5241
7699
6263
6810
5650
6883
534
1373
4751
7510
7461
9424
162
4262
833
3091
2559
1666
8029
4648
2413
2556
8554
1333
7345
918
2007
1933
1284
6755
3024
7457
4202
3604
6880
6971
3541
8225
6513
738
9901
4403
867
2445
3420
5543
8771
212
6384
153
5032
1959
6211
6120
6041
2253
1258
1197
6725
602
410
2958
9667
824
4292
9128
4962
6043
256
743
999
1304
3133
6486
2769
3513
4121
8398
3229
2419
2459
8948
1534
1237
8018
5282
274
3514
1740
8958
6251
4605
2236
5798
5614
816
1514
5471
2614
5507
3957
199
594
2348
8454
3677
7820
5646
2276
8434
3028
705
5022
6875
8216
2196
9425
8301
4987
9075
8816
9133
5186
3189
6442
9437
6612
8470
5090
5839
6819
717
3602
3643
3103
821
3752
3607
4253
1688
5171
8096
1433
3153
8281
2816
3830
6517
5707
7369
2358
614
8400
2822
266
7890
7751
6843
6158
4539
108
5210
434
1474
5662
6788
9008
7277
7400
8760
3766
972
6731
805
4561
9998
2170
2751
818
6312
6530
1139
3238
8139
2946
7540
4000
5274
4687
4475
3938
7896
8195
4339
9917
7731
8350
8158
2544
4538
2571
1236
7123
1225
7888
9036
3995
4642
264
2640
7292
1678
1461
7698
1488
8591
7320
9176
50
9065
8394
1235
1098
4391
5041
8283
2322
9134
8433
6980
2033
4476
840
5541
7730
4545
156
3491
722
1453
3318
1015
1425
3236
41
2337
556
2100
6395
1078
5579
7869
4959
2862
1475
7003
5122
2829
5712
7604
6941
8610
9316
2609
4128
8421
5245
792
9693
5969
3224
8581
9171
1157
7454
1799
802
2006
1486
5593
2275
711
9548
8821
2618
1357
8518
2402
6640
5214
6940
7264
7155
7712
6892
7853
6803
1497
4698
1028
5710
7614
8266
9543
93
1995
5923
8274
3683
8001
4677
9817
633
4906
2827
4548
2687
1445
4107
5792
7680
2432
7619
1428
7705
7268
4182
790
6253
9558
2412
8381
9720
3382
1835
3076
9212
4993
2924
7738
1878
8660
5670
1226
1935
5855
5124
3656
7406
2335
3737
7064
7127
9511
6260
1407
8489
8228
9465
8925
1017
5584
2439
9576
926
3266
1451
4600
2394
7147
1954
5391
6372
5702
9899
3571
8042
826
4686
7163
2211
5664
4926
2372
9480
7368
1480
9915
267
2327
3969
1138
7366
9958
8595
2324
7111
2346
3710
779
8527
9985
2653
5212
1100
554
2086
8525
1820
1074
8547
6450
2476
9649
205
7862
9376
9894
6691
8877
336
1578
7377
5511
3631
6367
761
6394
7380
2106
2980
4877
3295
3402
8914
7049
3968
2325
4820
4130
4663
3394
59
6201
6694
7707
7877
6436
499
4608
4419
4205
9949
2250
6222
644
2391
5696
5900
6173
3798
5304
1571
7291
6848
3627
6637
4713
1567
9918
8996
60
3743
207
8449
7310
284
535
915
1756
8884
4324
7092
4573
597
3648
6706
227
1256
9100
8603
165
3815
1338
7524
6611
6363
9420
3423
2852
7254
9542
3433
7018
1598
8767
1049
7038
2703
4935
8858
3693
2159
6066
4544
5308
7411
1729
2560
2166
1001
8028
5548
1742
4909
5389
5296
1312
7240
2894
8909
4482
7124
1089
8820
4174
4982
9121
6223
8282
1562
9881
8895
8516
1174
5202
4611
4506
1323
7139
3823
9886
5251
2700
4226
1360
5312
7193
2814
3218
6967
7140
1389
5759
3331
4361
5509
3093
2598
5749
4752
8403
8908
9157
8445
2175
6540
8743
723
3409
7187
3027
9892
2514
958
8243
3884
8153
8383
4098
4117
7725
6080
8455
3988
7901
4862
6185
9034
2510
4894
7865
9995
5252
8267
9468
6063
2691
5760
663
2268
8725
9307
1616
7045
4446
1807
7567
8041
2675
5628
6257
233
6702
1429
9513
3711
5397
5246
8740
8576
6961
7297
8404
8643
6106
7793
3962
5817
8094
7830
4469
6067
8730
5718
2978
1265
3063
7331
9800
933
2692
7097
5613
9198
4805
5869
1915
8453
1902
4796
8437
9864
1342
4735
482
2084
3405
4023
7022
6772
6001
4373
8697
9959
6932
6995
2521
7755
8666
5415
7365
9928
834
9138
8039
4477
2207
3738
2019
7531
3276
5562
3343
1837
6179
2102
4163
6569
7137
3810
6004
5753
7344
31
8592
9445
4168
1789
2251
4556
6019
3293
7117
9285
7048
5483
6071
1328
2611
7743
7228
253
8805
7691
2243
5086
8362
395
4801
1708
1941
208
6059
4518
5944
4767
3529
8073
3183
8866
6515
2112
6720
6972
4871
872
9820
8150
8982
7625
688
4999
6214
5774
9045
6235
5404
7781
3861
9262
7151
4537
459
4195
5148
1352
1038
8325
7298
7910
6262
3143
6477
371
1519
1170
3241
9037
3992
8056
8920
9722
1465
6565
5943
5973
5751
8942
5773
8522
2913
9332
5605
2709
378
1641
119
2941
7020
6885
3603
9807
7740
5084
3552
9461
7685
6782
7392
7390
6008
3951
5222
8865
5020
1570
636
4396
7980
2494
2804
8752
6533
5277
1909
2414
5495
1711
7746
4111
2456
8915
3349
814
1332
495
2406
9322
963
9415
1871
5116
6452
2686
9478
5909
1471
7777
9427
564
7110
246
5373
8876
5472
880
6467
9822
3858
3914
6167
4115
3164
7415
1725
1014
5903
8189
7214
3022
9125
3767
7624
9975
9428
3312
4681
6895
4443
5748
5031
8031
5460
5842
5400
7319
2713
652
9747
9833
1536
7208
332
7253
4731
6086
3157
3757
5288
1186
854
2090
8287
8655
1703
4560
5920
6700
4581
537
5678
117
8269
9681
6944
3774
8218
9932
1655
348
5260
4755
8136
2669
4040
8613
3267
2644
2616
5327
5720
5242
3605
7308
1367
3902
6127
6308
1684
4227
7650
8465
3308
7063
2937
9362
5029
3800
9947
8336
1440
6209
4823
6855
7886
7394
2698
6291
9208
5791
9553
484
9223
9707
5235
63
9537
9340
7991
5668
7343
2316
5906
3557
7713
4358
2826
3771
4849
912
3921
7273
9333
657
1828
9924
6075
5000
9458
2044
2927
442
1872
9335
7449
4568
4045
3045
2466
9439
492
1398
5532
9506
8310
1198
3447
7044
3687
9018
6802
161
6524
1608
9349
1763
2184
2784
973
9605
8630
2887
1211
8049
6629
4734
4685
4310
2930
4551
1988
507
7782
2724
5611
1113
396
6246
9631
5427
6105
4149
5655
4494
6891
9419
1504
4901
8783
3760
84
9587
2824
5343
3333
7176
3012
1116
6166
9351
4233
8965
6784
8257
3978
7417
8809
8479
1142
4189
4114
9739
9095
1677
7305
276
1019
100
548
8286
7911
6676
4368
6768
9909
981
9339
6032
1889
5195
1702
6054
3002
3634
4330
6338
53
1543
8408
1986
3726
9689
6243
7295
9658
7256
8300
2458
7232
5732
6643
8780
2991
7555
2688
5671
4888
9829
3039
1466
9600
7934
3385
8238
7489
2761
1362
1344
4420
4139
983
9302
1169
6905
2564
1888
8386
3611
3446
1831
9603
2076
9225
1158
5972
286
1320
3156
5840
4369
1208
6525
1699
7528
8375
4154
8003
4591
5691
5623
1760
890
9416
6437
6527
1180
4365
4374
2918
1560
2000
416
1391
8936
7280
6480
2538
621
6402
798
9908
470
2577
6776
452
5852
3256
5204
3673
7990
2018
7704
6386
7122
4618
5067
3520
6038
6828
24
1264
4354
1934
4781
9613
7505
5616
9163
9633
6812
9883
1021
5866
7473
6332
5926
2452
7977
2689
5705
7036
3841
3361
3139
8815
158
3964
4350
5794
3410
9399
6511
525
2055
5403
5894
3048
9352
910
4250
7571
3503
2742
2642
4379
7807
9956
7141
5421
669
8108
9560
4246
2493
1386
8101
6139
1637
9696
2589
6387
229
8221
618
7864
9242
5789
6800
354
7480
9421
9706
7103
995
7442
6445
5913
6109
4662
1832
1130
9196
1942
7914
1829
9965
5026
9778
574
9402
3248
9581
4136
7329
2942
4729
9997
5875
595
9738
767
4512
3596
4010
6787
7547
5227
9876
903
4562
3568
6102
9274
810
3315
490
5024
8025
4276
9785
5822
9672
1356
8062
4813
9463
9799
2146
9101
5785
1834
113
896
7126
7880
3242
5777
9546
9396
4946
5203
1667
4193
3391
4345
6576
3118
2871
9127
9327
5475
3016
9783
8089
1140
1539
5376
4137
3589
6639
1998
2148
2771
6790
8457
5018
2091
1911
8737
7542
9265
1115
3632
4969
6113
6634
957
6449
7336
9270
5733
640
343
188
7251
5834
2287
1176
9304
5161
4530
2552
7340
4738
7300
9950
7317
6963
6193
8395
9521
4572
3961
5383
7086
5924
6428
898
7004
86
4646
8888
8777
9885
6118
4169
21
5306
8447
513
5333
9422
9816
2507
8559
3448
3286
7983
6121
134
9779
5219
8531
8619
4978
137
7196
622
6153
8035
3094
7061
7842
9167
2183
8091
8515
6298
9575
3727
3050
2037
9572
8456
1541
5375
2890
9784
7773
4152
2423
3088
4489
5669
6061
8204
5690
1850
6579
8487
5211
1838
6382
1088
7448
3875
5860
1371
6807
6202
951
5240
5002
8405
6925
309
2032
4191
6175
8812
659
3287
1650
7420
3082
9356
4170
1233
3990
4414
8918
2180
3523
9570
9703
8132
1679
6927
4017
3193
4490
7952
464
2404
7236
1126
6756
9609
3853
4567
8556
4488
5946
6673
4081
5313
5438
9116
6326
3658
637
1297
4125
5061
9254
7379
1896
9024
4848
6712
8987
1259
8203
8304
3468
3887
6481
9041
982
9202
1753
5381
7683
9516
7106
7666
3833
1244
3689
2588
9313
1458
5780
3943
835
8419
2370
7384
3788
1719
3986
1097
5723
765
8704
9250
4550
3099
6391
5648
7575
9414
9130
8574
6165
5367
9273
8154
8436
7539
812
5683
7134
2780
5361
7662
3924
6716
2699
8023
5960
9792
3338
9591
8177
8111
702
9678
4915
7676
5734
4284
9692
7763
4427
6314
9766
8687
7287
2245
9713
6979
1101
923
4410
3105
6567
4655
1938
3246
4223
1372
9267
2934
4682
1930
2467
5558
7921
5731
214
5921
9563
1524
2075
7326
8388
9358
598
4529
7986
3408
9763
7469
9160
7709
7494
3659
7797
9454
8949
2283
3985
8651
2896
13
3932
6362
5170
4072
902
6279
3692
8214
3842
4508
6162
701
2218
7503
4037
7846
7293
9071
2610
5196
6373
9484
5595
3844
75
2767
9058
8223
540
2704
6631
1523
2702
877
2907
6220
3949
1822
2801
4902
1282
3959
5153
1408
7083
6399
1460
8397
4997
4254
9470
9773
5762
132
9691
8656
917
4176
9321
6732
7585
3905
4910
8207
7066
6581
7059
1008
2764
3847
4132
8134
4032
2397
8170
889
6977
4873
542
696
8506
5675
4863
9296
6888
7854
9473
4480
5
5038
9261
1767
5572
2070
6015
734
4856
2113
5399
8435
4741
6550
5407
5739
6783
3017
1700
6252
3950
4041
3695
7564
8811
7916
5566
9532
3029
6873
6224
2151
1064
6020
5109
1117
1929
1983
281
6786
2081
3712
300
4118
5370
4003
6877
5299
7995
4363
2943
4089
3502
4422
8406
2925
297
4269
6210
2902
3777
2010
1424
1737
2340
5997
4599
7649
2504
8438
194
1496
2548
2929
8532
3369
2395
1875
6461
8792
585
7648
5600
6475
1000
4645
4647
2657
2067
698
6431
4790
7695
7794
8955
630
8772
769
3983
546
1257
4629
9858
6534
111
9618
9948
773
5841
8313
7748
8681
6850
2519
9447
9076
2457
1032
408
3213
8570
6703
8495
8358
2982
8144
4785
8861
5901
9887
7607
9192
3696
6916
6259
9064
517
5620
944
197
5694
6566
6999
755
3645
2068
5368
2905
8427
706
5108
7206
9035
6709
7987
7577
1805
3729
1747
3936
7301
4231
9502
1602
8720
1035
606
7133
9099
9760
3111
1287
3818
3075
335
5688
5441
8402
1801
4086
1068
7099
3323
571
3764
2638
1359
6470
2155
2297
4140
9902
2262
3170
6126
1939
2674
1499
1403
1662
231
6451
976
9492
1547
6584
4281
2956
404
7347
3396
8904
1443
6739
9554
445
5350
1405
3650
1707
5046
5843
5862
8589
4237
9168
7158
8183
1568
1281
4049
334
9708
2222
9448
7250
9348
9699
713
2799
1002
4062
189
4096
3931
1564
6352
2970
2352
4865
6661
9000
4013
2051
2935
3415
5547
4948
7753
9082
6047
2407
417
6466
604
5136
1690
7551
142
6069
8552
2701
167
3536
6762
8071
8307
4230
2030
9717
8477
7272
3461
3900
2264
2602
315
9797
7200
2854
243
9093
6302
4256
9097
6970
9935
8319
9269
3736
9862
5700
5305
1153
5554
1772
1006
681
5168
4972
8563
1059
80
6844
3913
3733
8614
7800
5080
2522
7895
7190
6711
1900
587
2095
2189
6707
1579
1182
5846
2233
8474
7455
9067
7829
1904
6114
2009
8176
9083
6030
8078
7677
2646
5908
8926
7130
7958
625
2561
6042
1435
7673
7157
2819
6601
2737
697
2997
2558
8303
5023
817
8741
5837
7501
5201
569
8871
1576
5892
5742
2632
7203
6228
5806
5079
2774
7188
3427
6092
5622
2663
2753
553
7856
5853
1215
3581
3064
4347
5365
4084
6563
1932
1168
7091
1232
6195
1340
3347
6990
7935
2670
9216
5009
3445
1203
8557
8044
3582
7590
2608
3937
6568
3723
811
5607
1414
8461
4791
9651
5824
1952
8060
8746
1994
6474
7175
9882
568
3444
5341
619
5395
1657
6542
3871
9407
4360
7641
4737
5765
2950
6678
9889
418
8377
5469
1181
1849
9324
6068
928
7367
7441
2574
6036
3285
1456
1040
6832
5854
429
1355
9976
9074
6520
2142
2623
3078
8653
577
4305
4673
4239
8241
1866
839
6718
9698
477
1862
789
57
837
9457
2725
2652
1762
6400
4412
3198
6190
6221
8951
1621
1788
6271
9174
8219
3688
2582
9505
8763
3599
2739
5198
1527
3854
9716
647
3441
9851
1848
5058
788
409
1207
1278
3079
9085
4632
899
6846
5845
5259
6537
1269
5474
5049
9825
5962
6958
7000
5069
5135
5175
6618
2356
2659
1426
5048
140
2430
2479
4860
7957
5329
754
4185
1489
9169
7183
3081
9978
3560
9535
2403
5104
7060
1134
7959
1787
3891
1955
2869
2547
7861
5132
905
2178
4240
6292
9150
2206
3835
330
2187
1463
8322
8335
1715
4466
1057
8766
9748
3697
4499
3585
87
2012
4786
9941
6360
9515
2378
4516
5886
5961
4534
89
1255
9873
2502
516
1286
1033
7502
139
187
3217
5883
3165
1025
6290
5676
124
7482
1446
4450
4048
747
7948
8571
8275
4108
3636
5730
2563
608
6205
7375
3554
4264
2368
6572
3551
873
3561
6918
1075
950
6058
5316
662
9814
3880
2172
5957
69
3518
3434
1218
2484
6628
9813
7857
3041
6644
8058
1493
9646
3979
7517
2770
2796
4057
5546
4020
5949
7024
7439
7591
6521
4043
3920
5243
6824
7711
1108
2637
3147
7408
9081
2842
3044
8194
7184
7033
4890
4432
9840
4462
3356
3759
8526
2061
5665
2247
5366
1764
5831
2619
2072
9529
653
4649
2437
8997
8744
7402
700
4775
8622
9459
9671
4109
4099
5564
4576
5581
9795
4331
6671
4
3598
1419
9286
6859
4917
198
1739
5502
8541
7222
3601
9623
6429
5172
3158
3
523
2390
2202
8294
5491
8367
7844
3912
1189
9776
301
7316
8775
4826
7998
8761
5165
8635
9767
5007
3305
5388
526
9108
6294
2416
6438
7982
8365
5980
1718
3812
7032
2645
7242
7113
2303
1353
1288
7937
8826
3547
5207
3644
7670
4732
5068
4398
1857
8099
1039
9179
2512
4779
3559
8546
9550
4961
1467
5283
5586
7
8478
1086
5226
7011
6705
2143
2878
4547
2347
4921
9675
3927
6538
5315
1623
2727
8917
7897
5983
1335
6867
1766
6502
3325
2672
7431
8738
3565
5585
904
9283
5037
8984
4757
8343
5510
7522
1046
3424
8722
4541
2959
9977
7373
8110
7364
8838
8431
6093
8636
7616
4980
742
2630
955
8683
8082
3583
9300
1306
9246
1110
2315
3862
3930
2755
1698
6462
5040
7165
365
5592
4146
4501
4601
1301
5559
8609
6136
1599
3709
2377
3259
7955
6289
5859
3032
5418
6654
2818
3614
2729
9224
1977
1013
2249
7703
116
8509
9628
8364
613
1439
6689
8463
9397
8779
2059
2453
5187
9043
990
5811
9714
1605
6773
8988
351
4198
5075
3395
2666
6269
5884
9665
936
7332
3386
5055
9841
7313
1227
4050
172
6345
7466
7810
823
299
3680
7638
3846
1370
6469
8853
2916
48
3073
3364
780
1095
3210
8956
6336
9547
9245
5430
6761
511
8460
2129
7062
381
3195
3562
729
7852
6509
6815
3717
8564
8485
3675
8113
628
869
4736
4828
7001
5380
650
3216
3443
4963
1606
4955
185
1418
777
8140
1018
8823
1131
7532
9330
7087
3678
9586
6793
9436
9112
7397
2241
8599
2843
5501
2418
8587
6652
2520
1723
6463
7360
5096
5101
1444
4303
4206
4352
5192
6514
1339
164
2200
9982
6505
5461
9573
9504
8032
4447
1535
865
9561
3915
2835
2987
1261
7834
8163
2173
9831
2886
9494
8641
8669
9404
70
2807
2093
3578
5238
8977
1010
3919
2535
4014
5456
7483
9655
6496
7262
716
2128
2099
5627
4807
3092
1792
7160
984
6690
1291
3748
5756
4637
3674
7443
251
3799
906
3897
6552
6909
4846
5657
6152
3795
9094
6094
5713
360
2957
4668
8306
836
5847
3484
3671
8733
8931
8524
1705
7956
5091
749
2805
9741
8833
2034
5130
7197
2217
9500
2859
2085
7090
5405
2415
1587
3250
7932
3622
1638
2629
1285
4357
6598
4798
3351
6684
9980
6556
1880
5576
5174
1331
6206
8845
9038
7511
8252
2263
9201
3808
313
85
8801
8537
1612
203
1809
3273
8966
7334
5917
5352
3201
1263
3926
9161
8829
8504
1135
4318
5468
6468
8371
9220
42
1146
3040
3313
3260
9754
9334
9264
3251
2300
6719
6837
3690
19
1050
4301
7552
978
376
6350
2695
7508
2676
8273
8796
5489
3852
1390
5538
2
7282
7762
858
4705
9562
6934
1865
3556
8174
994
3197
4691
6528
1195
9277
3089
4746
6989
4575
2350
71
4386
2199
4068
6371
6107
5236
4622
2747
4200
4325
4485
3345
4056
2831
8213
5747
7281
2444
6591
2531
7892
262
581
8919
9802
1693
191
2354
2464
3010
3948
7026
6585
9960
1145
5520
3421
1094
3638
9725
4923
6183
6365
2028
5578
9974
8705
1220
4270
3298
8268
5425
2712
2792
8083
7965
8424
4245
4742
3043
4002
428
6964
7588
6820
6759
8309
7806
3635
3004
832
1775
9723
7125
1768
2491
3778
3639
3085
3987
5356
1552
8492
3499
9166
2518
8896
7027
3879
6370
4524
977
9405
2277
4495
270
5494
3772
6826
9861
7078
1324
8391
9676
6339
9847
9155
6310
9379
6079
1648
6128
1964
2191
5772
859
9475
7069
1420
2604
3845
2845
5332
6329
9730
7813
3700
7920
5190
4051
8971
5339
7603
2954
6419
8085
8549
6735
3084
4582
3000
7904
1643
4667
2746
6959
6333
5711
9999
4452
6924
6549
1661
451
9032
2718
8385
1022
215
5064
1200
5021
4578
6620
4802
9289
3882
3682
8839
7174
8130
8873
2783
4394
6145
4333
6353
7490
463
5179
5337
911
6519
5979
4619
230
1052
2272
4031
847
4988
7456
8870
6797
4075
3036
4678
288
5832
1733
4886
8851
6595
4772
5643
1206
5637
803
4397
7979
9060
7435
7894
8582
91
5045
8231
8707
510
1833
4852
8114
480
7148
6249
804
1750
3794
1374
2235
4025
7279
4184
5413
1129
2311
3781
7964
1814
4540
1973
5307
8831
366
9968
970
1276
2955
1682
8380
1906
7944
9263
3080
9491
6635
2260
7610
7143
4744
9314
8995
4296
7181
3971
6247
1062
9444
3966
1423
6743
8088
9790
275
5888
8632
193
9172
7969
5232
9661
98
4491
1164
2655
5807
2697
4764
3720
4520
2060
1162
2304
2973
6555
7702
6169
4064
6780
1188
5915
2876
99
2361
3363
9474
6920
1266
1546
7077
4934
5158
5185
8052
7357
3965
121
5829
7745
5528
8604
374
1658
2485
461
5440
178
1588
1905
1993
1
6965
9003
655
7655
8006
7908
2225
1245
9145
6021
4267
2539
9596
8117
764
1691
4407
5891
6695
1532
5117
1383
7968
5254
1770
6633
3567
6328
8690
7754
8045
296
9680
305
6935
5342
4899
1918
5534
174
3698
1899
8923
4612
6479
2117
5881
3740
3998
8967
8625
3824
2405
9848
4093
2427
9393
3831
8869
7341
575
9235
3849
515
1731
959
8399
118
1542
6778
3365
1867
9863
8969
327
2298
1449
3019
9298
3878
5131
9151
4265
8019
2919
4696
8222
192
7632
9187
5443
908
5217
2904
6745
78
7119
2601
3476
393
6646
5677
4434
8308
9556
6854
1402
9346
4847
2179
4794
1640
6187
5925
4583
4299
2216
2858
9009
8732
7569
8898
3535
3123
9869
9565
2607
6617
1962
9742
4208
394
8652
9030
7289
6264
5457
4941
6949
1410
8938
3761
9854
7606
8002
1811
2998
4808
3941
4536
3620
4343
2144
6197
7476
9164
2422
3178
2723
7747
4009
2291
9685
2487
1823
7654
691
8496
1876
6714
2600
8813
51
4054
4944
5294
468
4384
1533
7154
9275
4725
3899
45
4252
4259
25
502
3963
1505
5095
5658
2677
333
3866
4898
4294
9701
3770
8607
7231
9117
23
1413
8807
9695
643
5133
3569
4631
2825
2366
8120
439
5836
5914
4836
6104
8612
7430
7043
7306
6692
6928
5140
361
8502
7759
9194
5868
5887
7192
6203
6273
9606
2145
1508
2936
5743
1819
22
3848
8983
1190
6115
7128
8186
9988
5162
226
3401
4851
5035
9940
5447
9669
6198
7851
5183
4059
2310
1681
856
4141
4670
8444
6493
9124
8317
7296
6914
2246
6444
4960
1302
2355
8671
8093
1387
518
4177
3492
6130
314
566
1042
9063
8754
1031
9471
2536
3934
8210
3676
8505
3490
6337
5053
7201
4555
7221
7772
4272
2794
2008
4344
9195
5331
5147
4908
1860
1999
1783
5679
9135
254
1243
4766
7557
29
3428
184
557
9211
7255
7724
6087
2022
9248
4155
9653
2631
5178
8842
2750
1610
1455
362
6500
228
3661
9647
5423
2328
7831
6229
7579
5693
5233
2889
3013
9830
6911
7144
9080
4661
1381
2673
967
4783
3886
5488
5708
5844
5757
4150
9410
8318
7736
3996
1981
5364
478
8337
1757
4635
5057
7234
1550
6939
724
1122
5043
5779
8250
2305
2581
7665
7848
9736
8123
8415
7535
9624
8836
7051
8452
4405
6446
1551
4584
9652
1779
1354
4690
8064
544
8208
4519
181
5429
435
4236
3366
975
8867
6347
7121
7981
8765
2740
4743
367
4470
1549
6660
169
7323
8251
5697
7108
2906
4314
4199
6240
4498
3334
8817
2962
109
6176
8107
3152
4624
6305
9039
456
2374
8800
2681
414
8910
5776
740
6088
4769
4074
9673
7726
9331
5369
455
3473
382
6704
5249
2545
5467
4552
5685
4907
9355
4669
8528
6583
646
2990
8160
3272
7946
925
6570
7885
2627
235
5861
6168
2844
5025
4409
2286
8930
3542
1585
3083
3804
3479
7194
1250
3973
4287
5612
9888
3301
1498
5143
806
3994
9850
5005
1343
7311
27
555
2888
4925
7796
8560
4770
8627
7930
3422
5596
2678
3264
1336
2949
737
2065
9079
6889
39
6978
7081
8341
5652
1555
7733
1654
6835
3797
4920
8329
9429
3768
3746
4435
8289
2401
8021
4867
151
1917
4535
4029
6378
2369
9029
44
6833
2362
3120
4931
9345
1509
7640
6024
5874
9227
694
7312
8373
7681
1746
6040
1024
7672
1544
3146
8227
4861
7951
8911
2079
8360
2917
9927
1665
5783
9033
3090
5377
4832
1030
9295
4706
2080
3478
3222
5051
8482
6693
9789
2118
3174
8893
4699
1664
1919
4493
8723
3609
9326
8126
9875
3745
1845
54
6670
4701
4175
234
9786
7623
5128
8167
559
3055
3196
1515
3253
7984
2140
4461
3566
291
5919
7129
5934
9724
4638
2381
541
719
9383
5293
2198
4714
4844
7917
612
732
2424
7693
4160
1384
6876
9891
3220
9604
7514
5234
4127
7453
6680
2995
8376
6230
5721
3908
3898
2195
5539
6358
2983
7031
1172
6921
370
9279
6076
8168
1253
4425
1246
9363
638
3023
4159
5326
9734
497
6421
3802
6997
2024
7150
7583
8412
8112
7205
531
4885
8973
9023
8883
1350
9728
2730
5896
883
793
4215
6531
6532
5085
9617
7207
5177
9599
8667
1936
1369
989
9930
8830
3654
7757
4153
2716
794
1743
1553
9142
4515
7574
5656
2576
6636
440
1660
9834
8069
1722
258
5357
6602
8670
8950
6035
5645
1120
3475
3454
1557
8878
144
8843
1728
2914
9612
6814
6603
679
4968
5309
3669
1548
8510
875
6237
8706
8255
6250
8351
3662
5830
1877
4474
2020
8569
1639
5182
1749
626
1592
5191
2850
4825
8900
6357
1951
5335
8340
6960
578
9645
2040
4046
4448
1744
7710
3974
4124
5137
9541
7602
8232
763
8770
529
16
1502
2952
6412
7467
8863
2765
7633
8338
6562
383
7999
9013
500
7161
9090
9712
6951
6306
6388
6578
3346
6699
206
7943
1624
7970
7013
1020
6607
4260
9435
1063
6742
2961
8759
2834
7872
3705
7460
5978
3180
5867
2660
9282
3597
2760
8585
6472
2734
6194
9963
8202
1294
3731
8497
4976
5448
5954
4257
9983
5533
5964
3087
6795
1072
6052
7994
4142
4617
2617
7688
2911
3388
9856
6781
3779
1922
2586
7629
7722
1479
2882
1802
5129
2229
5571
6242
1154
2648
9278
9806
9336
4157
5505
1438
5362
7382
5870
9123
3506
2569
6055
9874
9777
8550
932
1611
20
5724
9972
4162
3916
9539
7223
3314
5500
596
3205
52
12
7700
863
239
8880
3192
1106
8875
6417
5598
5056
5394
6683
8615
9582
9046
9481
6062
1016
5255
6794
8714
1710
4164
9589
6862
7612
5631
3127
8688
43
2636
8939
9394
4364
6131
7267
4626
7068
4709
3403
6268
2779
6558
6465
6142
2685
7381
591
9559
9434
3792
5047
1530
3151
8567
3208
120
4977
2840
3258
4665
620
5897
809
2334
3398
9077
2974
222
6600
8928
6651
2110
9625
3608
7225
5800
1984
8212
7805
7094
9635
1347
5408
7801
5569
9323
1863
9769
8565
3493
5504
3097
8264
9583
4307
704
9406
9047
4392
8578
5435
5287
2349
5039
4586
2710
4088
2603
4071
7684
2635
4603
4006
5601
2016
5673
163
2421
8972
3539
8711
3507
6510
7765
9455
1311
855
2928
8748
1907
8316
8063
242
8159
2124
795
4218
1293
2789
6212
1581
5151
6561
5736
1595
64
1604
5146
8788
1675
7634
2893
9602
684
7327
1794
5674
3903
2383
1149
9153
8798
7351
6864
9621
3114
762
9456
9391
1748
4838
2864
5113
9845
3009
7257
5411
9219
6608
6316
866
1262
2393
5515
6494
1778
4082
5479
2425
1307
2392
8715
7737
8555
6346
5437
4854
8822
8440
4242
4880
9508
2793
8382
1166
7836
9499
1949
9228
1556
7006
8411
401
141
7756
7496
2624
5873
3460
2554
1913
2661
5266
6415
8379
6627
1793
1531
4210
5453
7764
3826
7047
9488
570
1416
8164
3956
5291
285
6890
5526
9933
7263
4454
3843
2164
4451
9022
4831
3945
9952
4695
3685
6420
8538
2861
1341
5087
5801
1185
6456
6878
3719
545
3288
1965
4012
3100
2972
4684
9697
2045
7822
5442
7697
173
3651
2694
3703
4762
6593
7728
2579
3271
5330
1212
4079
580
413
6404
3037
8905
1593
4066
9639
4554
4194
1107
7936
3786
8179
1363
9903
8806
4883
312
302
4517
4594
8407
4765
7907
5821
358
8038
8254
3497
1996
3521
3435
7407
2975
2258
2307
9411
7993
2625
6968
6254
4008
9934
1730
4857
2194
35
3728
5298
9530
8794
248
8311
4083
2785
1055
6851
8952
3110
9870
5247
9293
7424
9329
6261
3744
5902
8441
9607
201
6408
421
6728
6137
7179
7840
5619
5481
593
8778
7182
2752
2433
9453
1631
4564
1299
6288
5013
1171
3783
5803
1844
7309
3471
524
4378
7265
6946
6330
1054
4845
1109
8098
9744
5516
5893
3850
9865
6238
8646
5159
7504
9774
8095
1806
8616
2720
8718
624
476
4525
5998
2279
8724
1330
6942
2230
6155
7471
4570
6559
8790
2728
3889
5877
2555
9627
1521
2775
7021
9431
4936
1415
7114
9342
3702
3191
5815
3341
4715
4377
8716
5680
8353
6623
8166
961
7963
453
8162
6023
40
307
2738
9694
7303
3348
4722
4437
844
7548
316
1940
7533
5632
8148
8103
1193
195
4616
3303
8970
8976
225
4505
34
8312
1271
406
4983
1361
528
6710
4590
9826
9534
8606
8226
363
9204
6000
9951
8137
6334
425
4147
5378
7863
4514
3281
5737
5386
2265
6414
954
3874
7413
661
8125
3617
4433
38
2808
6010
9015
1179
7635
4423
682
3836
4449
1194
474
8418
8172
4634
5784
4704
8593
1628
8675
5110
5880
1119
9910
4922
562
1897
3137
5152
8990
6161
7717
90
9731
3432
3883
670
8751
914
1270
1540
9498
1518
6453
3576
4597
7266
7497
8261
4639
1317
667
9370
146
879
321
2046
6413
3527
1522
8363
7374
4756
94
5782
5272
2359
7868
5224
7537
2267
7477
1219
9238
1060
9923
74
642
3686
815
9638
8175
2461
1817
3811
4329
9467
2232
152
7523
147
4623
7825
9398
952
5752
7817
8553
5173
4366
5154
7444
2503
6658
4932
3291
6512
2056
6138
1997
2615
5262
9517
2543
7416
7170
8954
1649
7330
6364
945
8824
4956
2344
2612
6619
573
1388
2197
7211
8623
9390
6713
964
7617
1377
7451
1925
220
9259
9061
8416
8768
7288
9871
4181
8346
6343
7660
8005
77
2087
1201
9231
5953
7131
5570
9344
1575
5728
9990
2977
9853
1045
4291
3630
2540
9810
1686
104
49
2575
6982
4011
7445
1319
3530
3501
2278
9049
5530
3894
7668
8945
9377
6084
1769
6545
7667
2234
79
7486
1991
2654
133
4069
1305
9070
2860
6669
4418
7429
3109
403
1827
9893
7398
3020
5661
1404
257
5486
9969
9182
5270
3679
9388
4190
2529
9555
4818
8298
8030
3148
8924
9315
9103
8152
829
5353
6779
6266
8240
1267
7070
848
7409
2707
2074
1076
7241
9408
7085
1630
519
7601
1298
1781
2759
8490
6641
3785
8302
1213
6902
2130
1670
6817
9308
7491
5301
2849
8007
6746
5414
357
8519
1380
8009
3282
888
9482
1224
9753
11
1392
2534
8600
3254
182
6988
2984
9794
7903
9312
3814
9066
8852
2823
7723
781
7278
1151
4244
3378
58
2910
8423
6747
7596
7749
8787
5610
1228
2606
4224
2408
7352
176
2562
5310
1128
2795
4990
7419
9544
1277
1858
5401
6792
4067
4692
2791
9759
8594
5081
7785
5167
2722
1861
155
6861
5795
6448
4207
2331
6422
4984
379
437
2778
5985
6681
3021
7913
4904
1946
5996
265
7304
7927
5320
8236
6186
8695
7657
5099
4249
8249
7626
3715
2201
6865
3575
9353
2121
3708
7843
3813
1491
2103
5322
9092
7213
1634
3828
6296
7468
1632
8889
481
3450
4916
469
9819
3373
567
943
4319
5987
4055
2353
5465
538
5519
3292
2041
4119
8849
1501
1590
3340
6045
9771
5019
7561
380
2285
8814
9787
1923
4315
2365
4604
4609
887
2066
631
2976
1545
5527
715
9684
5684
345
9297
7093
7768
5508
7675
8647
8451
1736
5771
9571
1881
9147
1538
3279
1818
5698
7661
6853
9365
5166
6236
2231
5142
6407
6573
4166
7136
9637
2039
3112
7837
1087
3439
1735
8902
6039
432
9642
9782
8781
135
4459
4718
8331
5521
7080
9966
9007
658
3436
2326
4965
8769
2873
2053
605
5138
6424
5820
2252
1165
629
9803
8523
2922
1910
7779
7812
7889
5644
2097
2898
8544
3906
4467
6740
5194
5402
778
8118
1450
7978
8235
5545
8663
940
6751
641
322
4367
7971
7230
3132
9660
6315
7570
7495
5417
4440
2462
8297
8859
1191
8292
6433
3211
1516
7152
894
1462
1957
8944
66
5797
8834
9384
5922
6265
1652
3954
9531
4571
9533
4811
7530
8425
9251
8762
3953
2705
5744
775
830
65
8693
8328
8206
9733
5094
7285
4309
2741
9392
5257
7346
1037
9062
7290
1853
3625
3839
2490
6369
298
5258
4458
14
1607
1773
5651
3509
4340
3244
386
1230
7071
3857
2953
4426
6342
2376
2806
3928
7686
2846
561
3649
9281
2188
3640
2863
5184
9466
7949
318
6192
5303
4197
4306
9868
9256
1004
5907
2226
9173
7766
1026
9711
1520
8271
8161
8072
7440
4468
7541
2817
4390
8299
3917
576
3056
1290
9290
4905
8229
4316
9740
7545
2294
4966
8579
7261
3838
4388
2127
2812
8180
9122
4297
6348
4878
7553
4658
6744
4165
4298
9528
3162
5561
1484
1506
6586
7180
8448
7752
3548
1975
7996
329
808
3368
2302
9367
2257
4511
5072
5076
527
2308
2177
1944
7425
5796
5008
1821
9412
7521
9750
1577
1279
3054
4504
1239
5523
7079
6785
1310
8628
6283
6385
7835
3404
2460
1337
8691
3538
3234
3633
9654
6818
5729
2966
1196
7734
7294
6489
6830
9793
115
5118
2568
892
81
8501
2899
8699
2471
8602
8848
799
8634
3367
6668
493
766
3591
9440
8374
5125
3182
9382
6009
7636
2662
3664
3457
8321
3739
8046
5568
4058
1241
4819
1358
6613
5714
6141
8799
4192
5941
783
1125
4914
7233
8459
6856
6621
9989
819
9154
8885
8422
3806
3072
249
770
6180
6506
8034
5466
6440
572
3958
424
8892
2851
3277
601
8468
5761
4816
2684
447
8169
8368
6685
3203
9503
9069
9350
4882
6034
5583
9880
9979
5851
2161
2668
9878
5740
3319
5338
6392
392
7611
2227
6966
5434
6701
1573
4171
9053
868
6049
4869
9832
9579
6051
8795
6808
9098
9971
7682
7637
3380
3907
6313
3377
2620
1947
475
6937
3663
6858
5522
6163
236
3188
2900
3642
9967
4986
4768
7008
5426
2867
2711
7559
1726
2651
7089
1600
2312
2446
2204
7472
1111
3299
4703
5635
3352
7216
3134
4881
5317
3613
1432
9597
6899
8696
7012
668
3511
7972
7871
9096
2595
9690
4229
2299
5269
6750
9184
1229
1177
2517
1916
3952
346
8061
6953
2874
693
4024
8469
5565
6766
3718
7082
261
7973
2810
8290
2203
9936
5529
9426
3407
4822
582
1956
2597
4472
3392
5088
3870
8674
9912
4479
3923
8429
7527
3991
324
782
7838
7595
8511
9919
7652
862
1469
387
6548
5816
3681
5220
1812
9514
4945
5372
6969
2570
8262
6405
5054
6276
1468
2449
4334
3876
1234
6597
8284
6919
232
9727
9280
3451
6125
9824
138
3587
6160
5864
4438
9574
8702
5563
3437
9462
2999
8369
6027
9341
5355
311
8500
4103
4615
238
2224
843
3820
4995
825
4095
5965
3393
6389
6957
5639
8645
4834
411
1633
6933
8141
522
8916
2288
263
9233
1011
3481
4408
7515
6798
5358
458
1810
320
126
3531
2798
3837
8106
4335
560
4183
3215
2120
5169
5452
3859
6653
6177
7620
9677
5630
8993
695
6117
5738
6912
7701
6303
9710
4843
2192
8894
3819
15
8717
8008
6577
1329
390
7270
2409
5280
489
7437
8941
6507
6439
5218
4565
7037
9584
4855
6029
8393
7589
4606
851
7692
9218
3577
842
9489
4522
5003
4938
9287
5974
6406
7543
2477
9937
4610
3629
8508
398
1692
8022
3316
7245
6144
3592
2772
5014
4346
3615
3877
9487
5498
4178
1874
4747
3890
5793
6516
3108
6869
6696
6416
5766
4723
8808
5208
2923
4708
279
660
7436
9011
6893
1152
3980
1036
9178
4943
2830
282
4503
2968
3780
3042
5701
328
5363
7506
4087
6926
6359
7446
9987
3851
7814
4592
1685
4985
9149
9019
4308
7002
9044
5667
2671
3025
1651
9229
7593
8295
5065
3498
4355
3751
4376
9493
6874
7562
7774
7348
6992
1961
7171
2868
6557
565
6754
2533
5681
4614
8119
750
9087
592
9400
7410
9191
355
971
9309
929
6090
4853
1785
5111
2212
5895
344
5936
6655
7269
5244
4750
2841
2244
6285
2399
921
479
5574
878
708
7771
9812
7370
7464
3311
9844
3464
8548
8507
774
9566
9512
2015
2123
8081
3505
6196
9374
916
3125
1960
7112
8664
6171
8913
1327
2296
5112
3579
3113
7056
292
3328
1656
9929
1159
9538
4406
5036
5890
6218
2758
850
5034
4497
9545
9021
9206
5916
1252
7744
6594
8921
2284
5077
8943
9380
1967
4653
8040
6836
3896
4973
8205
1927
6344
4279
8700
6398
671
3431
721
991
388
1886
7761
4579
4924
5268
8631
3967
4598
2960
7498
7947
287
9226
8156
6319
710
7554
5439
353
3440
8011
699
552
8467
2105
4134
3485
8659
1318
690
5083
611
3399
9027
2214
4660
4456
9781
9687
6325
6073
1309
8747
7189
6614
9183
4442
2892
9143
7350
6541
7758
2743
8420
2690
8786
3171
7009
6356
1720
8036
827
3304
6320
8291
259
3130
6028
1080
627
2292
3888
4724
306
6191
8143
5937
6033
7592
5446
3033
6679
8359
5311
5778
2094
2137
5560
5968
4455
934
9601
107
4700
6986
8247
9042
8115
3482
3359
7860
7878
5938
8654
2680
9719
7778
2434
2290
6317
7538
8882
900
4268
2182
2163
4404
9780
223
9020
2781
3425
8347
615
7335
3600
1073
8389
4795
3426
5663
9670
1826
8054
6248
1738
9866
2031
2221
3141
7989
6122
1970
6082
4810
1091
4774
5649
4022
1132
8679
3414
1490
2797
949
9371
935
2633
6
5588
4656
9025
8685
6031
1759
907
7891
7386
7586
5615
7789
1313
6962
102
9961
2092
2492
2367
635
159
6903
4280
5100
9357
953
8668
7396
8233
9614
9855
8248
6341
4186
9715
9549
1178
4870
8673
8199
7832
6543
7859
7383
5347
3186
127
5812
2719
9305
1448
9788
3706
3375
2509
7358
5490
2572
3782
7566
359
4395
4261
1447
4509
2967
5818
8224
6089
9056
7333
9922
1931
1216
6307
3173
7418
7479
1124
9523
3086
6227
1790
8712
5059
4840
5951
4787
1027
2938
9418
4105
1141
3065
2527
2993
3467
2985
9430
1494
2820
2443
4868
1976
7883
5480
4717
8092
6074
5321
6894
1231
5787
6981
3616
9010
1924
2926
895
1043
5420
6060
3059
2525
7792
6484
6172
7499
4589
7120
4521
148
9485
5256
8994
9752
5825
1732
1627
2343
3526
8342
1525
6354
5981
505
2168
7600
4232
707
2714
125
3172
5624
8361
4332
6723
5514
2679
8348
4740
6915
8450
3204
5929
6140
3207
5157
791
5150
8726
4273
1047
8315
1727
9449
6232
4112
6749
5382
2735
2289
6215
5279
6546
5618
4693
1741
2388
4323
1890
9657
2062
731
8466
1041
3647
2901
8276
745
6950
5573
5487
1322
1572
190
3904
5060
3653
2511
7218
3494
881
8530
3070
9299
6727
9272
8588
5419
9664
3124
7882
2649
289
8961
7689
1376
6610
6973
772
9828
5451
9815
5189
4070
6005
8472
5955
2777
2005
3532
2043
1121
4401
105
5432
4633
4889
4721
7339
5066
8077
2546
6148
5410
260
6447
9916
9221
2499
753
6659
9199
3747
5239
5848
2647
5119
4326
6604
8932
154
3522
2981
583
8105
9683
8903
6488
3052
6375
8739
5682
8802
3817
7421
3322
2732
2338
4341
6753
5827
2745
4034
4672
6656
3230
1251
4135
8499
1971
5033
4533
9234
7598
8196
9798
4209
7426
4220
9914
9432
2220
4643
6589
8608
3586
1517
9483
5758
8764
897
293
4602
7847
5904
46
8584
603
8677
9106
2754
5398
4933
1393
9255
6226
9520
211
6143
4891
6301
341
8719
5433
5704
3563
5604
8745
9679
1596
7565
7387
5506
72
5918
1459
3495
1953
2756
1485
5164
5127
8475
2104
8192
8464
3519
30
503
2435
2004
8566
8731
787
7735
103
4953
1856
4733
2219
7243
1321
2410
1625
2811
7328
2715
5626
9496
8024
1717
7791
9126
8868
5302
6124
4483
483
7016
9368
6216
9303
2036
6913
3046
6722
3946
7803
4952
6464
7055
3031
5422
8551
748
4213
5706
4585
3684
3458
9705
8370
776
7714
5052
6884
6455
2832
8059
5275
2280
9144
1869
6823
5209
3142
8013
7164
9386
9119
744
1966
4620
5016
4116
1147
1104
6609
7618
4481
8978
8339
1529
3269
1394
9403
1663
9650
6625
3159
5995
9469
5512
5999
8047
3362
3131
2708
6293
2553
5927
4940
7811
8937
3061
8128
7229
1713
1842
2073
5444
9501
7525
6282
6188
5603
6256
6018
1990
5181
9911
4644
8662
9611
2912
8729
4821
5813
8122
8680
5799
5958
6834
6526
5932
7560
7447
247
6492
9540
3721
4587
3646
5687
6503
7156
2516
6013
9443
7954
6483
4884
179
5017
4654
3155
3330
8352
6974
273
7438
4036
9338
6147
