0
1000
0
1000
171
615
198
404
839
539
303
591
279
285
737
400
507
182
555
377
522
969
516
548
487
886
582
363
358
430
461
869
460
235
297
990
633
579
716
956
25
649
808
598
718
617
391
871
34
454
141
401
73
627
955
260
346
528
752
465
730
607
819
584
197
746
217
558
61
567
427
99
422
266
581
829
935
934
293
489
978
395
322
206
713
636
281
508
4
760
888
795
292
227
480
921
373
417
805
264
896
258
772
215
112
86
253
881
513
100
447
987
692
251
274
841
241
338
603
247
670
966
163
47
759
988
624
594
332
394
90
680
753
577
918
974
957
637
672
553
675
140
57
200
985
895
515
709
684
694
12
18
474
310
566
88
286
65
742
161
223
949
387
77
980
518
104
52
199
894
864
123
117
857
164
930
240
348
532
145
37
827
504
816
763
280
28
939
976
620
844
485
166
954
499
621
484
818
971
821
862
478
177
542
233
804
58
927
81
774
324
452
367
475
880
679
446
943
147
526
326
156
435
883
671
946
830
855
562
549
601
707
463
897
972
68
538
970
578
405
595
561
873
290
188
984
725
306
696
479
380
756
685
60
270
228
89
21
246
354
411
665
831
524
453
195
741
384
342
340
565
967
1
66
811
312
429
500
441
509
149
178
64
663
109
432
610
789
330
861
31
656
36
289
688
797
440
587
390
305
428
457
948
268
124
45
49
911
762
497
779
677
19
211
230
945
282
882
254
657
304
319
992
113
998
40
533
402
271
904
571
136
307
481
667
540
351
137
176
35
740
721
442
848
817
922
796
29
208
631
609
525
359
596
122
232
824
958
344
334
590
588
284
870
467
8
915
245
261
887
366
630
376
849
778
196
604
785
836
191
368
744
114
648
329
333
139
490
919
419
711
248
968
70
496
962
220
265
69
95
754
438
574
755
224
514
938
698
790
625
445
323
375
991
410
193
652
92
961
275
209
733
826
858
477
249
162
950
278
272
902
313
560
613
701
51
736
22
941
745
557
252
399
729
357
942
409
810
144
420
83
408
638
462
786
700
809
159
238
554
703
693
464
867
704
443
642
43
13
925
1000
608
924
874
343
370
986
723
893
535
216
773
868
244
735
520
300
814
751
167
885
664
459
641
714
382
27
341
731
996
619
361
296
815
892
651
832
448
517
977
766
154
878
989
572
777
820
929
900
466
884
67
769
783
602
628
689
724
511
331
107
142
173
205
214
842
910
132
437
952
599
309
898
263
79
360
573
666
256
994
632
640
645
20
682
792
875
32
678
851
838
212
749
853
349
482
449
920
699
847
294
169
940
728
686
48
250
273
926
905
551
229
458
545
15
761
812
569
168
9
431
483
406
259
593
722
909
676
434
301
115
87
213
337
697
160
372
979
407
781
618
690
75
269
681
7
231
97
129
237
262
6
174
219
629
544
782
865
550
165
397
928
530
798
186
42
201
133
488
527
476
17
803
547
519
586
747
120
506
634
859
503
257
328
413
302
908
3
705
719
993
537
738
356
982
556
316
134
793
226
668
658
568
923
218
983
143
287
365
953
498
108
800
39
706
606
84
999
53
889
534
412
981
221
964
418
26
436
492
239
374
288
369
662
76
936
85
546
823
350
654
353
743
55
98
185
768
385
450
486
912
802
155
491
907
813
493
184
960
456
130
937
96
502
38
295
170
776
732
877
203
24
403
127
850
63
787
355
775
933
997
552
712
845
639
828
780
327
589
378
660
906
973
362
570
650
210
54
791
616
398
765
856
243
614
393
623
646
644
605
470
2
825
433
541
872
318
622
512
152
207
592
510
80
267
317
414
784
187
392
180
916
455
536
801
863
339
33
635
866
611
371
647
291
444
564
423
843
91
125
396
131
325
379
110
720
674
179
103
583
932
959
575
687
308
585
10
715
242
835
388
283
16
963
691
30
311
172
119
183
194
389
5
659
846
807
314
158
44
673
181
151
56
425
901
661
914
854
277
890
106
421
717
576
951
118
299
494
913
236
748
11
708
116
822
468
386
381
975
94
415
315
426
523
157
204
93
439
46
175
190
767
653
345
102
734
471
597
995
202
150
189
531
121
563
128
580
451
347
472
710
74
917
424
255
222
153
41
14
364
702
101
50
944
335
899
726
559
750
840
876
473
505
806
225
383
727
600
321
669
891
834
59
82
495
833
770
135
234
23
903
757
771
612
72
276
146
71
62
138
655
739
758
126
298
416
965
837
501
695
192
543
78
799
947
320
879
794
148
626
105
931
788
643
852
469
336
521
764
111
683
860
529
352
846
40
999
475
168
383
20
816
720
899
989
508
904
848
34
997
194
391
325
721
866
270
541
959
144
456
561
333
257
983
304
732
728
979
29
628
533
789
549
118
527
339
812
887
567
680
355
284
325
213
115
252
798
35
382
677
793
827
653
630
852
638
701
219
100
213
394
722
32
437
559
371
242
872
955
547
476
944
468
739
913
853
258
508
275
75
275
442
813
37
177
858
992
717
365
460
835
627
619
766
535
957
425
48
248
948
167
567
466
146
900
87
558
620
115
759
3
925
807
703
953
895
91
738
298
654
325
847
212
698
443
127
399
175
614
69
675
768
76
668
272
180
704
506
48
265
768
350
835
172
426
635
980
206
650
492
488
858
403
928
381
722
259
178
451
647
904
311
583
910
688
366
522
836
680
206
433
522
940
331
706
344
493
823
198
734
110
713
965
134
653
486
423
550
793
379
635
565
612
3
211
859
334
120
368
564
954
61
898
124
919
923
134
441
472
606
59
705
644
101
708
391
561
730
711
175
61
293
23
563
859
675
984
16
217
389
58
251
224
741
179
290
786
773
601
785
31
881
880
948
800
167
796
804
627
242
872
226
80
117
94
408
786
288
215
132
670
902
76
341
974
516
488
617
119
646
117
266
690
781
798
849
192
695
718
559
165
405
766
552
472
719
531
589
455
937
879
49
933
891
727
954
266
151
581
307
90
991
651
469
551
48
700
652
630
802
334
349
546
714
485
848
483
421
586
53
97
812
823
204
250
977
137
402
137
252
559
467
385
915
20
740
414
431
207
873
833
231
515
997
837
716
172
942
270
912
814
195
40
754
413
522
729
447
571
688
510
958
506
465
146
553
219
424
383
570
919
722
349
743
172
550
888
560
880
870
83
314
890
736
656
445
84
75
463
408
633
611
880
754
3
953
568
658
789
102
182
500
687
861
449
22
522
767
335
755
611
940
452
507
436
988
779
137
669
487
215
180
310
559
811
421
771
667
278
93
597
130
107
968
910
141
247
974
629
177
237
387
87
727
117
710
478
801
463
725
295
360
73
15
65
306
445
977
186
489
679
197
99
232
355
331
359
199
66
73
835
119
394
552
17
187
410
989
911
362
975
76
512
484
651
477
308
868
465
221
12
669
18
793
651
456
845
962
142
592
332
924
51
670
262
122
1
69
320
471
165
254
410
596
730
470
7
432
667
183
865
542
122
14
873
587
293
948
289
158
478
273
597
910
358
313
202
904
158
670
880
979
595
633
828
737
952
77
590
269
821
772
435
509
931
219
611
504
690
978
263
444
886
106
158
659
769
255
793
310
923
782
811
930
380
779
181
999
61
389
676
668
869
346
425
534
743
548
600
130
458
792
35
967
975
69
64
936
748
788
425
217
477
451
848
275
268
728
986
59
553
794
102
852
807
237
127
756
115
723
256
831
27
741
513
338
965
152
820
307
755
472
933
86
306
100
149
689
727
619
261
889
862
680
262
696
360
28
553
618
525
642
609
490
635
694
51
199
311
845
266
731
60
953
84
919
441
751
202
730
922
15
419
51
24
501
8
571
169
533
337
375
740
531
528
794
483
571
9
969
682
853
455
284
707
702
830
299
33
55
121
220
990
237
584
155
908
545
691
574
311
690
177
515
173
181
885
456
190
798
370
331
939
471
768
782
945
301
273
460
502
489
715
984
977
624
197
553
374
54
17
855
504
362
767
379
696
235
592
318
264
317
643
674
834
870
890
988
52
960
488
116
226
708
202
190
508
524
858
313
924
793
638
277
316
429
411
239
97
713
625
618
199
350
38
83
519
851
123
404
662
81
638
37
156
627
356
362
739
516
781
493
237
346
860
450
489
7
981
874
761
972
248
114
394
724
298
548
790
205
929
329
350
315
343
675
131
329
853
49
145
318
55
443
494
613
3
965
718
862
41
151
296
242
52
411
837
648
197
278
475
33
125
437
723
41
730
35
238
584
326
650
914
245
847
977
753
1000
104
688
76
760
79
956
16
895
248
990
614
443
354
554
682
363
240
720
740
247
991
490
166
780
494
661
544
206
28
41
135
236
518
403
53
458
628
286
764
545
675
51
954
950
482
572
460
866
974
427
221
310
423
57
735
95
667
838
128
388
954
200
643
914
591
590
779
136
646
273
92
721
334
907
751
982
935
977
708
750
343
67
354
902
410
767
820
655
184
10
252
746
140
40
456
50
813
906
491
622
684
62
263
13
261
160
802
249
111
704
972
37
253
978
269
198
3
206
207
174
897
268
535
657
123
916
