0
1000
999
0
171
80
117
625
580
913
860
468
266
874
191
446
839
218
584
151
206
611
801
830
505
939
309
12
242
934
172
693
144
938
652
246
192
179
661
612
203
243
864
409
896
482
741
783
656
750
53
10
746
599
570
159
338
556
492
156
321
292
872
145
97
26
433
354
98
334
539
566
616
360
768
320
450
99
185
897
70
820
760
714
9
812
902
299
476
110
927
130
911
800
163
564
278
940
682
443
348
65
518
747
331
840
237
475
381
953
507
494
991
403
649
799
845
597
55
712
609
647
241
879
394
827
467
705
180
844
689
337
219
764
748
754
986
438
13
552
319
512
648
453
64
485
989
727
19
890
790
821
351
743
542
577
449
759
481
663
21
559
383
858
30
877
528
871
68
696
914
668
560
209
382
547
422
40
964
393
135
272
582
838
315
886
451
629
802
398
997
254
389
520
697
188
976
3
686
89
575
20
956
562
27
378
214
41
660
707
936
789
935
114
749
866
695
263
63
238
431
201
529
235
322
925
294
227
126
160
202
96
317
364
924
304
344
554
525
954
372
970
181
391
424
535
880
903
295
137
28
93
726
328
164
572
598
630
990
965
118
961
639
128
439
762
45
573
589
425
910
399
861
969
428
517
268
231
809
773
168
261
699
904
363
728
817
404
86
677
250
194
898
155
386
718
615
81
837
162
139
265
402
113
850
5
440
82
359
546
536
308
392
527
949
148
83
58
459
725
757
959
483
744
142
703
44
950
311
107
355
549
721
675
607
473
709
387
893
537
530
855
252
600
667
341
276
122
149
60
22
706
960
316
908
892
563
313
971
100
999
491
174
822
863
522
412
444
933
579
361
513
825
583
791
586
198
901
8
195
307
330
33
553
620
375
569
388
78
719
531
775
846
51
514
326
842
154
406
558
432
532
342
36
138
906
293
885
869
436
734
170
234
694
423
761
461
998
434
236
857
213
831
77
318
604
758
571
923
182
626
50
465
745
555
501
75
215
38
477
176
651
478
543
968
240
251
14
343
769
942
928
540
437
69
42
828
368
713
289
963
369
498
733
739
335
951
205
157
882
228
635
753
806
62
458
779
519
601
390
222
495
165
233
988
287
815
305
980
875
978
701
457
274
826
541
61
628
640
627
11
888
211
306
803
862
631
370
766
594
797
349
533
794
333
76
339
981
581
377
49
73
336
774
220
2
91
952
376
411
1000
469
124
385
323
430
729
460
687
279
823
427
447
614
109
57
92
39
977
500
793
715
488
683
373
147
105
836
674
46
400
85
131
189
37
717
196
841
958
493
288
471
407
585
557
685
136
210
207
636
637
595
116
867
186
526
545
47
926
23
937
101
230
678
426
578
700
66
271
484
88
102
957
771
853
782
441
856
918
808
510
947
366
502
907
751
48
930
111
710
146
650
680
123
905
805
967
740
666
785
34
865
208
776
979
332
204
810
657
852
153
106
621
767
87
716
922
224
74
720
324
884
921
847
282
672
463
798
617
16
870
217
158
684
356
284
664
345
84
286
755
834
638
506
43
291
25
212
881
878
490
503
104
899
183
232
919
688
448
985
239
167
724
993
610
1
225
257
4
277
175
634
929
894
752
121
702
290
258
509
849
816
133
619
410
283
735
371
346
633
932
722
166
992
115
698
642
909
103
413
534
141
605
462
281
915
602
613
962
732
795
551
297
704
843
247
270
365
7
792
275
567
781
466
606
79
329
487
150
511
67
665
119
260
592
127
479
883
285
659
223
814
622
395
681
943
887
736
819
464
561
596
187
108
273
474
178
711
190
807
362
310
71
24
350
152
161
255
777
472
312
200
259
645
804
832
576
737
730
300
920
455
442
944
90
353
125
184
454
226
262
994
829
302
895
603
418
480
984
624
303
357
765
374
742
876
669
568
544
352
679
608
868
948
900
32
499
253
249
623
54
835
120
470
31
264
538
325
496
267
358
673
587
654
397
955
417
671
380
521
692
29
301
658
931
796
632
515
917
296
824
516
524
946
763
401
780
416
134
56
574
221
384
245
784
497
229
851
646
653
248
143
813
414
216
591
548
916
788
244
818
972
873
643
770
445
941
280
590
708
644
641
731
550
489
59
35
347
340
987
756
15
199
173
129
912
132
298
786
429
72
945
966
833
367
996
379
889
419
691
995
983
140
854
690
415
177
456
94
112
662
848
421
269
588
982
486
508
396
452
676
420
670
197
17
169
95
723
973
891
314
256
565
6
618
655
18
435
523
778
408
52
405
738
193
593
787
772
975
974
327
811
859
504
142
147
586
958
637
387
441
185
872
460
274
984
52
753
592
719
755
520
299
29
440
498
231
14
175
282
987
692
623
468
919
162
9
832
409
351
649
659
341
240
101
706
863
968
261
28
857
676
853
10
664
32
172
641
227
609
55
911
229
897
505
311
799
120
419
425
867
992
499
455
464
402
716
230
875
784
892
669
855
635
404
163
678
99
166
475
915
597
526
877
583
894
796
328
600
550
68
673
709
820
345
77
572
739
379
536
836
242
912
124
283
730
548
801
357
123
381
507
770
564
331
993
452
528
372
397
368
407
878
69
107
206
569
823
238
917
459
496
757
610
654
745
179
111
267
92
822
965
295
594
616
487
339
712
980
251
3
529
118
966
607
888
846
54
829
688
50
674
481
324
909
198
720
45
18
218
979
98
859
934
207
983
614
842
964
903
144
26
785
680
746
718
766
249
453
208
346
157
779
376
713
735
886
672
942
151
76
288
495
401
365
253
95
414
214
128
502
591
571
35
465
82
1
248
400
767
320
395
685
334
941
352
738
405
682
364
220
714
943
539
244
627
584
200
391
173
590
510
519
566
999
997
190
398
250
508
483
297
545
148
17
146
841
515
576
23
176
113
763
896
818
946
807
431
42
388
858
596
788
300
78
354
715
662
837
619
928
805
686
860
132
945
486
226
47
323
410
212
687
762
22
927
748
256
479
543
480
56
493
830
605
347
59
645
879
287
643
104
337
948
338
504
816
794
931
281
734
622
236
506
777
862
606
392
153
291
589
602
626
914
666
217
71
665
437
150
929
828
695
883
445
164
800
129
581
143
27
996
155
598
839
861
922
19
926
152
233
524
202
149
601
787
699
852
106
321
294
60
910
358
25
463
789
700
360
61
40
579
363
759
462
65
563
963
84
869
629
813
693
552
178
239
815
773
553
795
356
845
604
582
275
736
814
684
955
547
474
201
285
750
756
947
913
985
377
289
330
704
266
16
675
998
972
472
396
721
962
424
565
533
389
918
412
866
197
326
611
378
91
916
780
223
723
241
188
271
390
67
269
554
488
683
102
1000
375
778
817
301
435
617
371
195
679
874
754
661
737
313
478
429
316
895
279
137
158
432
741
642
449
771
668
280
184
430
361
546
521
374
783
272
613
196
383
843
315
427
740
726
127
442
298
792
988
309
732
599
362
5
115
219
826
944
385
122
956
265
516
310
768
57
982
615
936
574
159
670
920
808
824
525
542
133
570
306
131
567
887
11
831
694
658
652
293
105
537
921
743
366
296
305
450
833
416
871
421
433
4
705
384
317
838
969
80
961
322
608
369
556
724
290
949
531
70
413
380
221
624
950
477
900
277
444
952
58
336
126
523
89
6
840
681
340
96
415
527
711
367
203
632
733
751
517
722
473
373
467
625
559
394
691
977
273
731
812
447
971
769
797
640
588
639
698
235
930
848
34
97
138
908
793
213
655
182
119
530
689
776
549
986
205
411
170
551
117
667
876
443
13
727
94
975
160
765
924
935
252
791
21
177
491
194
262
633
370
307
702
255
350
187
428
258
318
73
156
210
263
448
970
856
891
701
923
436
489
476
72
990
764
168
79
827
703
225
951
355
578
38
804
245
186
88
353
386
359
938
134
408
215
995
925
471
418
677
264
742
501
344
902
482
246
690
882
420
125
33
534
580
953
532
893
103
333
967
90
64
204
933
191
329
254
224
87
66
898
114
399
994
335
174
618
86
696
811
954
657
854
485
406
216
628
81
647
538
612
540
470
503
717
260
278
145
439
560
901
180
509
634
466
978
492
806
620
403
268
656
121
30
511
835
782
140
209
422
135
286
53
849
937
904
884
284
976
821
85
312
957
48
438
37
989
211
108
63
881
276
889
593
259
708
325
169
141
707
631
774
851
292
573
39
514
646
393
349
568
109
446
650
228
165
671
490
660
426
83
497
100
873
2
232
62
161
24
75
577
500
868
974
193
31
752
171
890
744
243
348
484
663
434
870
93
810
43
382
630
49
850
458
558
332
314
802
541
327
461
906
644
973
758
790
761
139
308
167
760
798
342
847
728
603
12
522
786
518
304
775
199
457
257
302
456
653
544
834
51
303
154
557
885
222
237
809
747
270
803
417
136
880
247
20
319
423
8
648
234
940
575
864
595
865
562
74
130
494
636
46
697
587
513
561
555
110
825
844
932
183
15
469
749
638
41
343
939
454
772
44
181
710
535
585
7
981
959
960
512
729
819
991
192
651
899
905
725
112
907
189
621
451
781
116
