0
10000
0
0
6402
1874
6647
1796
3395
5645
9874
4827
8301
3007
9146
2066
9501
3909
8325
2998
9747
2250
6075
412
4472
9855
8878
6138
2571
9459
7623
3153
7644
554
586
6904
9911
2362
314
5266
7076
3642
4283
7417
1793
3266
4155
5573
7515
4380
4145
1901
2984
1457
475
8305
6712
9824
328
8377
3899
9442
9520
2110
6410
796
7504
6049
7441
5097
4164
8671
4839
1161
7488
6109
4070
8433
5224
2814
9974
38
8002
5209
2349
8086
674
9390
828
3285
1850
6855
3599
9502
5492
637
838
8845
5380
473
8200
9775
3690
829
9066
8374
3952
7112
6914
9391
7350
9740
659
8462
4999
321
2137
2344
4501
3132
3694
3240
6208
5754
4209
4659
3675
9461
4294
2629
6170
9774
7849
6312
3138
1845
2908
9506
9731
7755
5432
2059
5332
1293
8973
1137
284
4557
7140
9515
8259
9790
6277
5565
7287
4461
8817
4439
7857
1234
1450
3476
4822
5743
39
6006
9990
5175
134
9632
7462
1023
4547
8602
7011
278
2772
8699
7222
8359
1475
2239
4941
2051
4842
570
9975
9920
9577
367
1512
394
3700
6202
9293
3093
5074
7096
6684
2909
3481
2804
3772
6013
3512
7063
4091
9558
1866
7157
8507
8667
8601
6640
8330
8860
3492
4579
3433
6469
3959
9347
3160
8579
3990
5352
2195
3364
3241
4081
7466
4882
9714
8061
8260
9866
3161
4771
9291
5998
3628
3979
1711
5888
3062
2002
4517
8841
7328
6763
2422
8015
2969
7784
2009
7546
1218
5557
2270
9805
2857
4755
3081
9386
5626
7162
7983
8229
3135
2842
1155
2929
3560
7542
3662
4656
6628
2360
1781
9421
6252
2527
4316
3109
8870
7700
903
8971
9679
333
1844
5805
9913
6844
4961
2497
6594
1333
7599
6521
2436
8474
4828
2438
1516
9363
9265
7028
9172
27
5412
5006
8801
9793
8071
2846
7580
1414
9092
2698
7095
1673
7168
3304
9812
770
3649
1092
377
6625
5740
3460
3884
9394
3477
4853
5180
4849
9398
374
6580
7561
9571
2800
6619
2056
4978
2879
9138
7583
8123
6864
9603
2295
4977
2408
9840
3766
8363
550
4740
2101
8179
8947
1689
8526
8284
216
1427
5675
6168
7803
6278
6911
386
51
4050
4506
9260
7836
7264
4678
6369
1120
6249
2659
9310
4628
9688
4829
5499
102
3089
1588
8271
8876
5287
3947
8282
6460
143
8437
9978
355
8899
1426
6068
8981
1490
2214
2207
6300
8489
7956
6889
7279
9962
2243
4825
6232
6283
9278
9345
576
1335
9020
3822
4171
1003
1784
7270
8174
9998
8010
6484
2027
8402
8610
7797
5973
3442
9596
2939
9400
3461
3907
5272
4604
2476
2999
2740
6397
9414
6091
6629
6679
145
9532
8217
598
2750
1187
4598
702
1708
1603
2935
5034
193
8868
3696
8030
5238
5621
596
8618
2710
8692
1158
3383
9046
2841
1449
465
5476
2136
603
7601
9160
4151
8043
9080
26
4262
8831
1945
9944
3356
7979
6616
9197
5267
5741
1303
4928
207
4646
7917
3984
9638
9362
759
185
7607
4007
6140
2234
3192
833
1906
5051
3625
6284
3699
3228
6937
1290
5162
8790
3761
2869
7123
8133
1872
7121
9960
9860
5268
4509
7105
9399
6782
6959
6587
4481
7739
6644
8115
4889
1380
7516
4697
9206
5715
398
8420
4765
3790
9417
2086
6451
4268
8736
856
8324
4409
5053
6761
6750
7973
5425
1259
5396
2813
5372
3010
3381
9132
5523
1669
8835
11
2966
4548
4838
5099
3006
8156
738
7200
362
4297
8633
2919
2426
5522
9500
3020
5452
1674
4131
9690
4786
6141
6702
4982
8755
8849
3234
5988
5205
6990
1299
7696
8275
1351
1263
2004
7184
6731
9298
3499
7667
8082
5662
2803
8199
1006
8705
6507
2742
5444
9094
2370
2018
3505
5555
5985
7914
8350
287
5045
9237
2455
5884
3921
7133
6496
560
9514
9633
5788
325
8084
2464
2017
4574
740
1237
8253
4392
8306
5342
9075
2752
270
5129
8515
8442
8854
8879
7865
927
1889
719
6229
2582
7384
4387
1419
2423
4886
1564
2378
9929
6660
8532
9926
1320
7295
1616
6646
1763
8126
7987
477
5750
4736
5273
4085
7744
883
5237
7978
630
5711
6709
5398
8037
3332
4607
8248
3183
5281
6409
7810
8839
2651
9327
1439
8386
510
1657
7163
7377
954
5918
9222
7728
9054
8153
8339
1961
1461
7003
7127
1611
526
3991
9130
4128
1925
3436
4148
4618
8568
3878
6859
1819
5550
4402
176
4433
1815
5912
1691
1637
8798
7390
2256
5755
3079
7805
3843
9815
3052
3946
6305
1641
9888
9695
6309
6311
8933
7444
5225
5847
620
8925
3865
9001
1915
3213
9089
1180
5622
1432
2474
3671
2749
4031
8004
5895
296
2775
1682
8193
2437
529
1245
4922
7290
950
3100
5574
7506
1316
10000
1318
579
9794
3624
9723
4655
5812
4879
7073
5011
6862
4328
5132
6258
1171
7931
889
8701
4904
5742
3075
8136
379
9843
8091
2364
867
9177
1114
1597
9241
8895
6040
9609
4988
6420
7742
4158
2942
2053
5064
234
7893
5821
5721
8050
5071
5179
4823
4820
472
1882
1410
7233
8893
2631
4610
3679
3094
5703
2108
273
9721
9738
924
1651
3403
3042
2812
1976
4534
2334
4335
4408
3509
4379
7084
9110
6563
8591
3798
7231
5474
2351
8121
9527
8291
4342
2011
4967
4756
4107
8774
1601
350
1643
360
4333
4559
3726
7575
4162
6978
2608
4403
5859
1702
1830
7436
3301
1729
9456
1078
5329
2274
2510
9366
6578
9948
7538
1554
9867
3971
5683
6319
4583
9970
7969
844
3654
1885
9842
3469
3021
8932
9242
5155
1534
7078
660
3580
8222
4531
1923
3714
9233
9931
701
3029
9894
3337
952
3618
5897
5310
2240
175
4752
7131
4974
5031
2287
9296
9969
6549
3341
1598
5637
8514
110
283
8443
8926
8065
8381
5891
6822
1545
1084
8756
9050
2165
4908
8809
1168
3432
9284
3330
9787
539
6610
6974
7423
5505
7465
6666
1509
3858
6511
1685
9375
1265
3594
1095
7675
7777
5202
1985
1409
9200
6104
4362
1080
3290
6741
21
2269
6729
599
4499
7332
9604
1275
2562
2232
9042
4352
2177
250
649
6582
5982
8182
7058
1578
9915
222
1383
860
2809
4496
5343
1010
3741
7204
9594
59
4013
5960
9374
1150
4910
3015
3968
9899
5241
474
469
3573
9332
1847
6805
2898
1405
9724
8679
836
482
6057
1264
1785
3043
8814
8092
8789
8001
1151
2514
4330
5639
5608
2591
6472
1969
8017
9727
395
3944
381
7266
5108
4758
7
1631
1421
6600
8313
6733
2306
7615
6048
2947
1642
6260
5777
8144
5593
6830
9384
9535
9776
9612
5365
424
913
8081
3942
9795
6058
8757
120
1007
69
8361
4936
3325
5159
9938
2033
7182
3536
9489
9041
5391
6418
1647
3090
8920
1904
2786
272
1983
1592
2247
9444
4102
521
9157
8820
1693
5043
9322
9101
3130
230
8654
9120
4535
1395
7191
4477
6755
7920
5717
5735
2346
3078
4009
1235
2407
4230
8096
708
5218
2678
909
3005
9663
4027
4116
7837
535
8444
7619
9922
1581
2932
3045
6428
2739
6632
7119
3914
3049
7817
644
842
1584
1004
5340
7883
2612
1958
7033
6975
2835
7448
9279
6526
8243
5376
4310
2361
4963
3786
3335
2400
4361
5473
2449
1820
8218
2587
5144
1055
2090
4707
2479
4681
3970
8316
6696
3085
7751
4953
2819
7829
8419
6569
6991
9529
3757
2213
2502
8780
8113
8094
1128
7505
1286
3529
9393
6331
6433
1340
5937
7481
964
4929
538
8299
8872
4443
406
6694
2363
4514
9883
8332
3388
605
8936
8483
5244
7624
7310
5382
213
1159
8901
4945
9576
9188
7101
2761
3876
8454
1325
1524
6907
5227
9367
8102
2607
812
1222
4788
4157
6089
4504
5415
8590
4856
4256
7019
4083
9608
8406
8675
4987
130
590
6817
1653
4032
6437
3964
7677
6762
3316
2602
5423
3636
7885
7881
8659
7609
5894
8486
1838
8673
7998
4486
6413
2074
2138
3120
4870
159
8712
6876
336
7596
3151
7716
8132
4059
7360
2816
2104
6669
993
5606
8587
4779
1012
1499
8828
5879
4084
4106
2721
1462
8224
1757
2176
8047
3716
4278
5804
6941
6967
6979
4303
5233
2271
380
2589
5614
8924
7106
5591
4360
9651
6255
2802
704
2388
3017
745
58
9628
9583
2743
9425
9114
8842
1033
5790
9896
6067
9171
3751
5172
1451
6209
1032
1566
8445
6185
3660
9743
7585
4476
5240
3439
8908
1517
5684
4449
1130
783
7037
6376
7965
7434
2205
8525
6571
633
5346
4483
661
8417
4996
353
5017
5464
3762
830
1946
2738
4393
6605
5905
7340
5401
4241
1059
5345
8928
4236
3447
6882
2483
6082
114
1017
7927
5760
1667
3037
9228
225
784
6034
8957
6633
2566
4596
2099
2614
1040
8257
9597
109
7734
2190
536
3640
5751
2559
8401
8547
4847
7762
915
8093
1277
5657
5792
8970
1154
9441
8703
7358
9465
323
9409
6262
4214
4321
9289
5846
468
4043
8233
2389
7796
5769
4877
7724
7203
7001
7091
204
345
8917
8624
3885
8027
6604
5140
3951
3940
7130
9351
7234
7511
6634
1056
6536
2937
9751
9342
229
1403
8251
6711
4866
943
730
6827
4721
3324
9306
7495
66
6557
4612
8522
4761
6228
1999
8596
6029
4713
6908
5896
5605
2756
5078
1740
9336
6247
7870
681
4718
2976
5958
7993
7156
4510
4980
7721
5660
8923
4430
105
580
3825
8484
4570
1072
8356
7892
6150
1717
4783
5848
2683
4089
3113
9452
5146
6318
2252
7015
9300
9096
6093
4939
4644
7399
260
3769
2143
525
4452
4951
9431
9852
5073
8240
1590
2925
3170
4601
1770
805
1313
2307
2123
1703
640
179
5120
7640
6315
163
3279
802
1463
4916
3413
3943
5123
724
1686
14
401
7968
9261
8682
5823
324
675
8846
8611
2308
1129
8258
9435
6292
3916
2977
5603
2867
9875
1571
8149
621
1842
4998
5341
8470
7962
6840
3201
3309
9664
6280
9048
2870
3191
3795
6478
3760
1890
5511
8393
9392
3173
721
6274
3420
8711
54
2827
6546
7924
6439
4674
290
5116
8370
7371
317
4028
4140
3263
1563
4577
5920
8344
5427
4011
772
1824
2339
5326
7723
609
632
1887
7913
7846
4260
2771
7908
2425
2299
8502
1968
7752
5845
6350
7951
4075
6005
7772
9128
4762
6100
448
5991
6668
2117
4440
7375
4243
8533
2253
6984
4616
8358
3935
8495
2467
3590
9613
3652
4523
2499
5517
9590
9927
1519
8237
2543
634
1551
8296
2711
4419
4142
4048
3181
8195
9343
446
7806
3483
2191
235
5567
7827
4684
4311
8833
8648
8954
2057
5158
2470
5510
4025
6339
3303
4221
3897
8422
3736
7373
6270
8241
1319
5256
6713
7719
4981
7158
9067
2556
1897
9582
438
3137
2876
8328
686
6774
1064
5560
1993
7612
3182
3906
3409
7493
1448
2333
9611
2655
9297
2396
5530
9691
5094
9708
5138
6997
7996
7715
8183
7695
885
3083
5915
3537
3295
5647
5965
9645
691
3232
1814
6130
4192
4851
4249
4101
8095
1922
6352
1728
3852
7760
9103
8734
8915
3879
7814
1100
3691
923
6510
905
5471
3338
7336
8487
4821
9945
862
5187
4782
6241
9023
2974
3510
5297
9909
3999
3677
17
1029
3070
5185
8567
4512
4643
7478
6797
530
3339
4238
2897
5971
8672
1460
2793
246
1476
7828
1696
6648
6831
2338
1541
5858
1391
866
4650
9214
429
9453
7256
5086
7138
1978
2164
4787
8668
4760
3186
7600
3103
1437
2904
7301
5829
9598
2231
7342
9545
5458
1756
7991
8769
7884
9967
9835
6245
30
3776
8164
2124
6834
1694
6825
2526
8995
8128
2456
7126
9872
9071
8916
4997
5184
2714
5600
55
622
7229
434
9389
9692
8472
7907
4227
8090
1574
1045
3930
1131
1365
4844
6943
9548
2530
8882
9961
3730
6607
3343
2
7689
545
4447
2348
1692
5106
363
6617
1949
5128
8170
3684
3664
9263
4340
1470
5358
6793
2233
8067
9947
3451
5449
3556
8556
6273
9156
6421
2653
7761
1884
7830
7862
3850
6994
3508
1816
6539
4688
9184
3218
7507
4204
6349
670
8572
1990
6429
930
5707
9216
2323
2465
3497
2547
7513
6929
9129
6317
4872
3036
5520
6630
3873
3733
6676
3414
1980
1593
9810
8516
7860
6849
479
5251
7208
1357
5526
9782
723
4320
5979
1244
2092
3867
97
5870
7439
8554
8646
2328
3870
1502
7593
7622
4412
6606
351
5100
7853
7149
6506
7944
1398
6161
8812
7873
8244
195
6244
5617
3715
373
3474
882
1105
3464
3738
594
5786
9949
2398
1125
3459
3637
4727
9726
7120
5809
5648
7735
2539
383
3423
753
1433
1665
9634
2406
6372
7489
7799
4231
1758
7874
2558
2453
2072
2978
3059
1675
1283
9143
7196
4551
3196
7620
6719
8394
4044
8056
556
7788
5997
4537
7568
6562
4190
6509
3262
2430
3430
4902
7066
3995
4350
6800
8473
7748
6626
8388
5497
94
2244
4767
2282
6961
8676
7994
2975
8383
4817
7977
6970
8999
6757
1116
1206
3087
6323
6103
657
4952
5553
4346
6816
773
140
1792
4576
9678
9338
7704
6627
8598
1348
6851
8209
6338
4811
1600
3754
9935
4098
5752
6890
210
9316
6828
4309
6585
7487
6928
7843
8184
1139
9807
9072
6703
5899
6833
9579
4836
8331
6287
3744
8963
6688
7154
6095
2895
4946
7855
9134
1927
9568
645
4228
3587
5379
4533
4968
3933
2627
4367
3667
4290
7845
5112
3361
1837
610
6999
1257
3759
3273
5177
3833
6752
8802
1397
9528
2160
4012
5727
4061
5734
4055
7717
5355
9100
2513
5437
9368
6783
4757
3821
7274
4220
2382
6086
824
6591
2373
8280
8494
1936
6316
6523
9274
7737
4060
471
8540
3727
8754
8475
8727
607
8607
3961
6856
7458
5385
5234
9763
2375
486
6586
3396
4670
764
6126
697
2586
8749
6226
1195
6329
2541
2567
7590
9185
2720
1135
7343
3484
4662
1712
1210
8857
5545
7648
1559
7650
1327
8772
6044
3710
3728
5993
1282
9694
7928
8992
3633
3210
3400
9995
3223
3548
4513
5117
3088
3207
8807
9806
1485
5538
5221
3427
6188
8742
1209
7727
3934
6018
4401
4505
2881
6179
439
571
3813
873
5849
2039
2448
3823
9348
8557
2223
4647
5999
9209
9377
4845
9900
6976
6370
3487
4556
2022
6165
4225
7247
9225
1256
1227
3091
5671
3928
4405
135
3532
3382
5280
5290
330
214
1122
9370
6540
4359
3466
4892
8215
8869
564
3992
4366
8551
4789
4864
506
2201
3707
6087
9779
5972
6404
755
5419
6261
2462
7276
8838
9179
3802
3333
7479
6641
4042
5890
2592
2735
6092
6880
6286
1912
9380
1960
1407
7306
5723
4143
7815
4301
4067
3731
6102
3904
5881
832
5929
8958
1532
9419
5731
5531
1336
7334
2648
8800
9309
2193
4312
5580
9912
9952
1279
7094
1455
6891
6382
8728
8666
9173
6379
7314
1121
8881
1790
9264
6732
2094
6450
7835
1342
5082
2103
9681
5107
8691
6137
5436
6401
9496
2609
4426
5604
9512
1177
7577
9636
5612
3770
666
117
5475
3711
592
3472
4129
4660
2603
8247
1053
9845
392
1957
9365
1501
5173
2249
8019
502
6687
1345
9176
9108
750
7261
9307
507
3889
5092
1579
5701
3407
8863
8862
2037
7202
3257
7712
4708
1618
8060
9273
7029
1069
1220
3604
939
4546
5440
897
3168
9426
4769
4475
7366
4816
7692
5029
9199
243
7726
7427
5984
8137
7185
5021
2397
5718
9424
3574
4375
1382
6364
2478
861
8861
6400
5192
9180
1090
5720
7315
2475
4584
7032
100
4385
8045
7083
4857
717
5142
9785
6351
8435
3788
2764
3600
869
5274
1046
1356
3721
7262
7257
3114
2054
9
9470
7823
5428
2095
6737
6533
7303
8390
1680
3924
9767
7811
1997
3386
1322
1705
1349
6565
6543
45
5422
4436
6152
8959
6936
6561
9624
8042
370
6380
5416
6753
1274
7795
5282
8376
8506
5435
8452
843
3582
8021
3764
7520
5431
2050
1172
9566
7533
3456
9897
322
7054
1942
3488
4859
8268
98
5685
3530
4931
6405
4327
1011
3837
9781
9477
3443
4069
546
8613
4097
5103
5170
2578
6358
3704
7986
9028
2853
156
8837
768
5757
2209
4484
5368
6807
4837
249
9314
1829
2052
3551
8166
7709
7626
1864
7937
5215
9907
4355
4832
5069
5799
9646
375
9741
1492
2327
1683
4146
9462
6052
8565
1149
3370
5665
3058
710
4602
8902
6903
4215
8880
5465
1614
2331
5356
6
1529
9378
1292
5619
9418
3698
4516
3911
1843
6434
306
669
5250
3118
8984
4216
1375
3886
7802
3434
7882
5338
3775
421
4115
4445
5841
846
7706
6457
9525
4187
2701
2429
6035
5375
4661
1467
3424
8323
7654
4398
9834
2010
1464
3638
9494
9789
2317
953
1097
5166
7550
1119
4818
6814
1035
2662
3926
8270
5778
6724
6381
5661
5090
5874
540
2684
263
5643
2754
979
6839
6574
551
7048
5388
3958
6826
5646
9191
7693
9482
7852
9973
7532
2817
8426
8340
5712
6699
6497
2779
6328
5828
8710
7324
9086
3948
200
6481
5634
3962
3380
3046
6885
5354
8896
56
3507
4270
3422
8054
7296
498
9530
707
2135
1835
9891
3082
7364
7116
6503
1099
7967
4768
1393
1928
7649
7129
7859
1834
8761
7732
4222
7848
1231
95
9565
4252
3092
7981
4358
1511
1562
3448
2458
9236
180
8194
7057
8760
3860
3482
7657
809
4629
9906
8775
6871
3547
4580
9269
1015
4030
8930
6748
1021
9124
3385
3099
9630
6240
5012
941
9329
9349
8913
2315
5193
8049
5384
8311
3116
892
2722
2025
2647
6445
2131
5447
5939
887
3953
8836
305
5941
5148
5824
85
5041
7831
1536
2106
2920
6576
7621
8186
8503
8851
1821
8725
5833
4976
5373
5028
8168
5669
2034
8694
5025
1608
2421
9642
7953
3359
500
1688
4046
7771
821
3622
7080
178
1434
5928
2206
9595
7369
6296
8064
1748
6007
4492
5906
4599
2329
756
2424
1903
2148
9799
5771
3506
4597
7137
875
5672
4210
1005
2967
3819
1992
9703
2565
393
2553
9497
2955
7611
9554
8603
3542
2312
2316
7242
5091
9602
9015
1496
7618
3149
3919
1495
2097
2441
5795
3473
722
797
7155
2198
6171
5592
5917
3531
8210
1625
9882
5913
9748
2753
937
1982
5200
7304
4244
1047
3554
6467
3719
945
2490
5880
4160
7171
5378
6119
7776
3322
6070
8904
6897
7111
5222
9531
3621
4088
231
7341
4299
2433
1827
4498
803
7895
8689
1108
1096
5839
2402
3270
2574
3246
2335
1852
7904
6056
5258
7409
7659
1269
3357
3868
1881
3194
7410
8365
2353
5938
7017
6951
7508
113
5252
3570
9049
6190
2716
6820
2494
6772
5820
5490
4549
411
7354
3450
8578
1443
3458
6098
9137
2314
2536
3522
2736
3511
9369
578
6431
4682
4745
9192
9381
3854
7868
514
9849
1833
6556
5842
3022
8791
8057
9983
9765
5732
8319
3987
7691
4068
4040
3172
1500
1308
452
2221
3229
9669
3299
1506
9844
6723
4541
4609
5572
1963
4938
2915
7694
5414
2892
6950
9069
2200
7148
5556
7172
8683
9469
1805
209
2023
3589
1243
6302
9057
1127
899
6602
524
6336
9052
6934
5457
988
5217
3300
2440
7000
3689
9037
3705
7636
8922
7326
1862
6156
6791
5079
3855
6461
5027
5030
2517
758
152
1373
6661
4287
531
9780
6612
1458
7818
8592
5803
726
7684
2171
9519
8521
5576
6212
4035
7320
8536
9574
7408
7960
5651
9131
364
1219
2588
9082
8852
4652
9910
574
5143
5316
315
9208
8463
2983
2082
9230
1909
3044
2726
6868
8620
8352
5957
7974
9534
389
3239
6248
7093
3463
6221
7604
2046
8985
9088
4693
5093
6535
5016
7710
6090
4690
3526
8333
8865
9334
72
787
2210
63
3605
1109
6705
9759
487
9783
2235
5196
7110
365
9831
3445
6957
3378
4250
6884
6047
4063
5990
1931
1270
5294
7088
8303
1732
7338
8803
5285
8414
9360
4926
8903
402
1157
7391
920
7543
7474
6649
1332
2319
2787
4709
9557
1435
5295
5213
9854
6508
5165
4347
6227
415
6474
1034
4261
5793
7980
7046
5489
7486
2849
2642
9029
5947
3613
595
8469
8717
6282
2443
5498
3595
4109
9684
9522
677
6453
8866
1284
6924
3363
9142
6746
255
5514
623
3765
2873
4672
3572
1077
5709
4927
2944
801
320
5992
2960
6290
3449
9687
8713
8586
4521
5007
3985
8431
6242
7856
1617
2747
8819
215
6670
4407
6926
1315
9413
9754
7246
5652
8500
3812
981
2718
9167
7176
4896
513
5171
6948
9689
1935
549
4990
4056
9850
6167
7311
1213
3517
2922
4795
9487
6412
3312
3365
5407
7115
4175
9410
3494
4949
4266
5269
3927
1169
6223
4341
6802
1998
2838
1156
227
4417
4942
3347
6981
6554
1424
9097
3902
9822
4141
4841
6204
1861
2943
2087
8766
2946
3199
9451
713
6128
7250
5563
6131
5949
3202
4593
9376
5131
4743
5543
3399
6529
9667
2665
174
2579
1117
196
1174
9652
6742
6494
4586
2727
3397
9943
6222
5780
8479
6211
8278
4518
4705
810
8553
1707
6459
307
6203
5161
7909
9770
2133
7891
8162
9471
2725
3220
3977
4932
9693
8934
559
3563
8649
2444
1764
711
1956
4247
7708
1465
4638
7905
5856
8476
5737
7879
9533
2778
3185
9154
3513
4041
3064
3000
3139
7608
2446
3490
9847
3366
6874
2431
9019
7021
9647
1913
3323
2401
7912
252
4036
1018
9458
6157
7527
5730
5862
720
5916
6525
4746
1664
2326
3294
8317
5527
2409
8625
2265
5830
6088
8159
7779
5169
8884
3452
7589
4049
2688
7062
6721
8951
4722
3372
1894
1871
9437
5320
9957
8732
3650
1938
3095
3619
8211
3742
4860
5698
356
1858
4863
7871
9337
6276
3145
3317
5794
8110
807
9004
2126
8459
1372
3882
5802
9270
7662
958
2695
5136
4871
4087
4991
6062
240
6374
6765
5537
7052
8190
4735
7678
8026
5271
7938
1718
5611
8935
4994
9547
4710
5844
2700
7415
382
5014
9498
3740
914
6363
7633
4229
9408
4503
4434
5328
6770
8544
1760
1780
3248
4219
2215
754
4947
6122
5151
9115
8616
791
9356
638
188
2708
3128
2149
1400
5481
5930
7219
489
6925
1075
368
7769
8663
9614
5581
9677
6427
6550
8783
3658
3576
6638
6085
5387
1300
3393
5677
1366
8693
761
2560
6023
5364
7443
2931
5050
8747
1198
7673
3023
6416
5702
6368
461
9038
3419
9963
6120
5318
9924
4454
4275
6036
6485
8415
4611
6754
2463
8337
4399
3789
4053
1208
4265
4989
9898
1344
3913
3627
5114
4511
771
3932
9856
6389
9159
8205
6544
9621
5666
9186
2367
779
4427
563
6725
8456
9921
3767
7321
7775
4527
8718
9825
8467
7571
4637
4365
2504
3844
4663
918
5616
8680
6030
5418
3206
1528
8254
8392
4121
2292
6622
4848
4814
3016
7680
663
7767
4465
3753
162
9272
3136
6759
7426
118
8690
2030
2242
7125
4594
611
9361
600
8748
6200
2259
2572
6969
5115
7429
3384
9440
3255
4429
2139
9836
3938
3222
6947
6024
5118
2638
1065
1054
3978
6501
8220
8821
1181
4093
6964
7863
361
4901
8297
7921
2705
3929
8753
1000
8566
7470
6674
4554
6117
9643
2386
310
5882
161
495
2032
9432
4935
9991
8221
4524
4716
5105
7258
9946
8726
7566
8122
9113
4086
6214
239
4686
7194
2875
6272
3119
5150
9203
6883
3939
3575
8373
1026
8782
6708
7948
9078
1471
3146
9302
5613
5059
8207
7309
6475
3054
4114
4213
6812
4619
340
426
5284
4217
7894
2780
1013
2392
4218
2318
8362
3773
2047
8552
3106
4763
6134
5433
126
1735
6913
8900
8089
749
8141
7850
4125
4698
1604
3550
6163
3462
3470
3717
736
7092
141
8379
5470
5980
3853
3065
1967
1474
82
5156
3479
5966
8347
6944
119
4685
879
1445
744
9511
4034
7482
2650
2452
1199
7683
6099
4905
5068
3112
1250
7040
5191
1415
9495
1644
8991
6072
9357
7010
4396
3392
7512
4888
6954
6143
9021
7524
2019
7275
8085
7323
9584
1981
3877
3259
403
2393
3418
1807
9181
558
7890
9586
6324
7098
3603
6867
5837
430
5933
9106
8281
9112
6972
2599
4255
9064
2532
2531
982
5020
6560
7299
8157
6299
2112
2810
4194
1648
9985
9713
3539
3203
6663
8956
3732
3163
1103
371
2598
8670
8555
9551
8262
8142
8541
6403
9546
5922
9982
3401
8112
4337
4313
1067
1749
1810
9358
1124
4295
9980
1386
4450
1921
6144
1825
7952
7459
8996
7237
2831
4878
349
8508
1733
9964
7333
7949
8109
7189
2675
9796
7117
2179
3836
8134
5488
248
3729
9607
1752
2555
9056
5983
3438
5019
9736
3485
5654
503
3471
4006
71
8640
491
7707
865
6861
121
956
4668
2712
8120
4934
1596
7663
3557
5785
7957
788
4420
5296
5748
5037
3111
5484
2537
7319
8844
2950
3869
4005
8036
7858
9670
2837
7729
4418
4300
6532
653
6192
4466
8466
7226
5507
2992
6756
6500
7385
2730
3615
5744
5739
9749
2989
7628
2337
8405
9450
9809
7757
962
9585
1540
2170
9034
87
9396
4384
6440
855
5659
3198
167
5137
3541
8629
814
7251
1557
3643
8619
8491
9087
4318
3998
8336
9175
4120
2616
5195
6775
5901
1266
1786
3747
4881
8580
7869
4566
874
7773
8873
7606
8955
4725
8704
7344
7353
2159
9542
5204
3842
1918
9505
5599
2515
5782
4573
8440
1411
6673
1321
2868
9508
3197
4072
9996
5394
269
871
8889
3444
3866
261
8171
613
3178
4552
5767
1276
2518
144
7616
5547
6701
5529
4645
3581
5773
5362
108
7397
6875
7594
1399
4803
3820
9739
2854
8561
6275
3320
2795
7075
3425
1555
2188
1196
746
432
6790
9537
8239
1627
5806
4137
7548
2845
3725
9905
2637
2639
6893
992
3969
3329
7954
7144
6362
7374
3646
5816
9010
8560
2806
1676
7523
3817
2387
8733
6173
2183
8354
1038
1723
2697
2343
5067
4943
3275
2745
6419
4741
6115
8700
1899
656
8537
7536
8318
7239
2593
6237
3828
6769
7424
6519
8315
8528
3
6301
7294
142
4150
5961
9626
3121
2850
5109
1742
2674
6593
3800
191
7056
2469
4470
3610
9169
7085
6080
4077
5558
8099
8685
6334
116
8201
433
748
4907
9865
9753
5822
8118
2953
1307
1975
3195
445
999
2220
3880
2767
5564
5854
1388
2528
1377
6692
671
7630
6037
4625
8986
4356
6778
7864
8635
1716
2146
7440
3027
7936
1602
9492
9917
2889
7645
5638
2891
9005
8960
628
6618
4808
9373
3441
818
115
5363
74
6743
5898
1580
8375
5135
8795
3908
6480
868
4026
357
9623
6650
2043
5479
9635
7212
3777
5832
936
664
1478
8615
2350
2685
5908
2178
8770
4395
8608
5331
6728
9271
4903
8032
6355
1367
1390
516
2672
2166
7416
2796
6385
2777
7631
2158
4279
8371
2551
1883
6945
4775
3033
6613
8058
8993
4897
9870
5085
9930
742
4370
187
8005
9637
6792
5122
41
7602
4778
6423
9033
6664
3026
1384
4875
553
5629
960
3612
4073
1778
6193
1959
309
9148
6657
7966
1542
5203
2227
7467
4343
1115
6236
8460
3394
3681
3387
7821
976
5299
6361
2044
4389
4884
2782
1194
7289
5134
4969
518
5857
2509
6438
5927
1583
7687
8634
8191
568
7188
400
8740
7485
8000
9839
1761
4368
6112
572
678
2673
2737
6682
9449
5810
5513
5868
7388
7376
1870
7503
7186
1621
9353
627
1624
6488
5519
1086
6495
6210
5642
8272
4772
9018
8266
6946
454
1818
8764
690
3851
1247
9189
6735
849
416
4459
4671
8151
5967
5577
254
9234
1977
3004
7790
8621
5201
4307
247
6178
464
4135
6269
4226
7181
4658
8106
8055
8384
7685
9022
658
7346
9277
3076
3289
8066
1893
7963
7876
1211
2521
6079
6953
5934
2273
8351
8632
228
5978
4245
8040
2709
6346
9258
8892
7976
4564
7383
4578
636
3489
7293
1594
8327
6172
8269
1240
9212
2432
9190
970
591
5395
9026
5420
1454
5467
8864
2661
9445
366
1104
3467
8202
4843
1093
2384
9455
1052
8146
1363
1162
2658
3115
6939
2144
9438
5907
8796
4276
4211
8721
1533
3546
700
9718
9578
133
4410
1441
6239
1974
6259
5243
2275
7097
40
1364
2611
3703
3069
4344
4051
7170
5167
6371
921
5004
9879
7839
8843
2902
8650
6303
8937
1044
6906
5539
2078
929
1504
8022
3012
3950
6942
3925
6266
111
6930
2468
6158
493
2907
7368
5216
6866
4702
9618
5232
8897
9786
2630
5496
9257
9820
3242
3267
6238
7770
3358
980
7886
2797
9266
9352
2632
5692
9249
4112
3374
369
5231
712
4272
3905
5402
9229
1773
3989
8589
4972
4110
647
8077
4334
8100
4921
2801
1521
911
4689
729
1575
2542
624
5219
942
3602
3519
2258
8073
6121
5399
2789
8273
5369
6499
528
5595
7791
7540
3097
2495
3278
1408
1996
5323
2026
9474
3980
5065
8488
2411
573
3609
4865
1527
3176
5101
4909
2154
6977
3035
9383
3060
5926
5066
2489
934
2923
3156
1272
9388
4965
9702
8848
6720
804
6685
335
7253
3771
7498
8784
5977
4895
966
9592
4139
6164
6441
5344
6207
7840
2399
1759
9706
3596
9016
886
3307
405
3376
3410
4267
2506
3287
9182
8542
8300
7248
565
6393
3651
8953
2883
5500
6406
1447
5111
6425
7345
7972
1430
4169
1535
7666
6516
8424
1184
1170
7941
2940
654
1558
7539
2755
6113
7946
3225
7041
6435
7661
4664
8797
3923
6101
9406
1736
7169
6111
223
974
2633
1677
7672
7365
4305
5569
1334
6740
1654
3976
7658
9523
1145
8626
6184
4831
2134
1229
7198
122
4797
6850
4323
6502
1734
3535
4777
1436
1839
655
515
5636
2225
1370
8020
84
6642
1811
5528
1306
7738
7792
2840
5942
4094
9832
585
5084
9755
1948
2622
8387
662
8250
8380
7674
2618
2751
7245
131
5054
5348
181
3503
1347
5371
1505
2376
7297
5791
5691
5995
6971
1338
4047
3084
5644
9397
7307
5764
8850
7044
1905
4022
6174
6552
9467
7039
9676
1019
6665
7445
1088
7574
1368
5126
4263
7285
4919
8534
1472
4277
6268
2829
417
7929
6477
8681
7100
728
449
1146
4726
5311
9656
9804
6078
2145
5601
8980
8830
8192
326
4804
425
186
7676
7733
8636
1607
2300
8771
9286
718
6899
7530
6504
1350
7501
5655
4489
3912
4915
6468
2461
9123
2484
6387
7260
2394
7514
7509
5663
3283
3134
876
8263
3591
9340
7404
1016
1668
7496
4563
2972
2769
1622
6106
8033
6479
3936
857
1491
1538
1989
8652
9984
3804
7670
6894
7420
7049
5632
6698
8976
6017
2538
2157
8788
5836
4224
8391
1991
6596
9999
5733
8531
259
5807
7352
7916
763
6985
4868
6982
488
5775
7007
2359
5124
6169
7919
7457
6281
7749
7227
7902
5038
6700
1081
5817
1371
2251
2807
1794
4624
8538
292
5383
3805
4835
8594
4001
5305
48
9262
8968
5855
2169
9797
7553
9892
5386
4079
9587
9404
9559
1294
1361
6388
9379
5270
8665
7313
7337
977
8847
6344
2713
9165
7300
6841
5480
8576
1241
2569
1638
6064
3256
7595
7558
3500
9861
7146
7554
9509
4794
7562
5315
8905
6760
6848
9757
625
8178
470
3829
3405
6149
9093
9625
5541
7556
4467
9981
9215
4167
4185
1984
2301
3922
7809
1720
153
3493
9802
5745
612
5430
2770
975
7151
7668
6993
5242
2075
5154
1955
9771
8124
9105
8198
6836
672
1346
9136
2687
7072
2142
4958
7754
786
419
4232
9126
679
192
4411
4349
2877
3302
5708
1197
6749
7832
9084
5789
4993
4045
7173
9168
4113
1530
4010
2211
6717
8595
5327
4479
9745
2062
3583
4397
6573
57
4791
1531
5181
3966
4054
2954
5598
9778
3031
6548
7591
5321
3555
6337
5370
9117
7325
7800
5544
4962
3872
2628
3435
3672
584
9605
2584
9226
8605
8744
4867
8399
2930
4206
2686
1965
9350
9017
782
4138
5762
926
6021
2226
2100
6039
881
3806
4254
1605
3244
4018
790
3746
4971
6235
7528
485
6411
2236
1943
1353
8314
2385
5502
5783
3140
291
1230
5113
5630
2682
7249
4759
2601
7223
5408
2623
1550
8883
9987
6881
1425
2342
9956
8097
3254
1724
4603
8510
436
5559
1907
1544
9951
2934
3562
7639
2677
9254
9639
3486
8458
3141
8731
2008
5046
8910
2839
5640
257
5578
4482
2007
1926
9572
2903
1859
1539
4168
6306
9650
4179
4530
6658
6455
8949
5673
20
9051
8468
6042
3219
5533
8777
5441
8729
4108
1037
6931
739
6019
853
9851
9326
7413
9580
6294
1556
8335
8950
9971
2296
845
5493
5259
509
9341
65
626
6555
5914
6845
7632
4950
7720
9139
1809
8658
6415
4152
2649
281
2427
5864
5076
3863
2962
7190
8212
9953
3778
688
1619
3077
128
9448
2557
1591
8571
89
8768
2859
170
4082
5736
75
5052
2523
6490
9079
2297
3265
3734
3988
8826
6865
6189
1951
1737
7232
344
1743
3108
2473
7925
2936
5010
3350
4605
8223
2861
6217
5925
1615
2372
816
2654
9504
7069
7982
7002
2493
1094
6308
3297
1418
1442
6902
8946
6588
8471
4442
4474
8509
5834
3314
6614
504
3797
4388
2994
9102
1431
5087
7652
989
3692
3568
6125
236
8597
1268
5986
7464
463
4507
2241
2645
5153
7197
523
3212
8786
7531
1771
476
9484
4488
9217
5561
2196
1262
9317
3598
2746
9606
4801
9446
1392
2322
3107
5057
1352
1098
4423
7183
2958
6551
9224
5039
6801
460
1291
3189
6877
1964
5876
8274
1287
8461
5774
1900
3360
9685
511
5579
3577
3086
6153
4038
2833
1223
6917
2230
268
1836
760
3226
4589
1865
1376
901
7288
1552
1204
3578
604
6449
1014
9479
7970
4590
4955
4127
9162
5477
1986
7361
5776
5260
5956
2374
2968
840
8662
2036
9735
9275
4639
4764
2822
4363
8062
9893
8569
3874
7866
4178
9792
1091
5406
2006
337
8678
2670
3748
7167
7463
5061
8119
6799
2186
870
1106
4502
6659
4444
6444
7401
6707
3787
9253
2544
32
9837
7679
4191
7579
5761
4701
1803
8070
2130
6538
422
1868
9588
813
9221
7372
5450
1498
908
5403
7282
7597
4029
703
6218
7896
3722
5680
3564
9552
7152
4092
7452
5801
898
3209
3417
6321
6680
6271
3616
4774
3986
5307
682
6071
8496
1238
8080
3835
8698
2791
5334
8430
9457
880
8952
6512
6073
8289
237
7087
6206
5013
50
8180
3661
8385
8161
2624
4144
147
2021
293
4852
5494
1822
4495
9259
99
420
6520
8105
3774
5719
3712
6094
372
5521
5716
6065
9074
9827
5758
3749
8829
5813
8818
8535
1285
8762
8410
7359
1548
2928
4282
267
177
7910
6704
6870
6166
5223
2843
2420
4177
5746
9319
7030
3545
1444
4202
1569
7549
5706
9198
7050
4737
9886
3073
9318
4704
6108
5335
2563
6432
25
8674
8439
7433
4463
8167
9463
5686
4900
3051
2371
5459
6366
1404
8412
4377
6545
8501
4391
7476
1489
6486
2125
7838
7272
4491
3286
8219
9890
3768
1042
3009
2987
2590
1020
9407
6873
7230
608
3214
2459
8799
6730
1670
1970
8348
2865
7500
2696
31
2874
3277
7521
1919
2415
9680
732
8368
9073
3271
7758
6253
2060
5062
4104
7398
4453
2785
4421
9573
8143
6447
7349
2508
6784
4940
5325
5454
2079
5247
9673
2636
2405
9127
3238
7317
6012
3313
1709
4111
7900
9246
8226
1713
6289
7947
5596
6347
8929
171
8204
2980
3523
6888
9517
1440
2663
8231
7934
8009
9518
800
3491
327
692
1429
3101
3345
4747
5060
7975
7541
1205
5347
1831
3709
5361
2973
2016
8292
3687
4052
2773
2070
8206
5808
7243
2681
6145
2096
4065
7268
2418
2492
3250
9869
5976
8823
2914
5245
6066
8181
6667
138
1940
2882
3208
3367
1953
6448
238
4706
1857
9193
5624
5700
5409
5586
7305
5083
4090
2212
9697
1030
9955
456
2434
1635
5974
5620
834
484
2794
3623
2089
6829
60
1725
9285
4572
534
1337
1126
1929
3067
6182
2765
1995
2568
4095
4874
1118
3815
4893
6751
819
8256
6858
7537
9240
4807
8114
4520
1381
8034
2081
9908
4545
561
6998
928
6175
6002
3375
8421
7826
9423
6527
4979
7042
9521
7923
9539
5784
8074
9510
7653
2679
7431
431
8343
706
3792
7497
5263
8451
2899
8322
4369
9220
3415
1479
1582
9719
8627
2085
1630
2866
8290
6808
7671
3406
3184
4631
4182
358
5798
4894
6691
5048
7971
6473
2729
4692
3830
5239
8965
2858
1666
4259
7027
6505
2049
6621
9328
5883
3038
4124
6819
1609
1297
4195
1632
8235
9589
5885
5945
3743
4456
8585
9936
276
42
8719
4694
5695
6443
5405
2693
8686
7020
9884
3292
9993
3861
7641
5779
8643
2266
896
201
6225
7473
2798
5954
3584
6968
311
4780
2811
3231
4959
2071
2823
68
8453
9007
705
1073
125
8630
8695
725
3495
5176
5336
6482
5747
646
8669
9402
9213
7808
9070
7153
5831
8138
5602
8622
7774
2617
8326
2762
9826
1051
811
1561
3011
3780
7454
35
4493
2690
9752
2834
3695
1518
7959
6322
946
9235
9077
2293
2347
7079
893
4813
3724
8600
7705
6780
2061
6910
2880
6160
9933
673
3656
2577
7025
5451
968
274
1183
932
437
4918
1132
5322
4954
1248
8018
8072
53
5421
219
5852
4738
955
6789
6077
1508
1024
1314
5121
3331
4173
6326
7625
5877
3635
2320
7992
8806
5141
7035
5377
8150
1488
575
497
7605
3050
7638
8409
6162
8320
1188
1027
888
9006
7215
1041
2192
6470
4960
5446
2311
7124
5400
3127
8983
33
1083
1537
4165
2127
4490
3607
8990
8948
9830
2963
3080
5699
3896
3264
8581
5438
7613
2540
1698
2055
2906
9950
4014
5199
7547
1200
7209
5047
9717
7534
8413
8890
6335
8518
6804
6147
6905
7008
3645
3864
5035
7651
3845
8912
2305
5168
9716
7517
734
3353
3039
149
2281
9430
1776
4462
5262
4630
1009
2341
6015
8808
806
3893
5725
288
1148
9304
4766
3389
9829
7077
3408
4458
9111
3152
2689
938
6583
2728
9083
410
4569
8395
1650
7175
6718
8939
8208
9299
129
7603
3068
9772
7878
751
8389
2995
1281
466
1572
8302
5304
2419
4617
5000
9062
7778
9732
1744
5728
798
8228
2035
3834
519
2084
6965
4635
7964
8793
820
1061
8524
218
6025
4302
4212
8891
5249
6392
5869
3504
7460
5130
1324
6635
4372
7939
3810
4992
3342
4830
9411
2491
3129
4288
1672
1456
3204
2704
5089
9966
2284
1134
4170
6558
8967
4792
3647
7355
8758
8570
2245
8007
5469
5970
3200
7780
4790
9570
5871
5525
4739
7199
8859
6288
5532
7051
2863
1783
5410
8708
2941
8083
4754
4591
1767
9563
9666
851
8546
9473
4913
9989
450
1468
5969
6806
7013
7867
4734
2237
972
9308
3629
1851
4437
4677
1570
9784
8877
8052
5597
9814
6690
1917
1251
1848
3701
8044
9135
1610
9901
18
4234
2646
8028
3150
6191
6146
715
4345
5442
3949
1193
1634
3167
155
9858
1846
643
9904
9925
9788
3311
7081
2548
2435
8562
4636
1671
7688
522
331
1880
4271
8907
3849
6553
1751
8815
1795
7578
6995
6124
877
7627
9553
3131
6909
8075
4732
5350
5182
4627
8573
6963
9972
7477
5902
922
3527
8400
5211
3841
8645
4242
5278
7071
5508
9526
9562
2381
2162
1879
2122
9561
933
1513
8813
5098
7114
508
1994
2545
917
2118
3779
6051
3996
902
5463
5610
5333
4669
8480
4223
9885
8824
4284
8612
7218
3019
9777
5032
7525
6458
7740
5615
9468
3024
1828
1089
5688
1481
7887
1494
3235
7225
4986
6798
5975
5609
2605
7205
9320
533
3282
1789
1950
3014
894
1876
462
3816
4528
6986
62
1801
5756
9567
3272
2496
2228
5163
7161
5413
184
2001
557
1855
4588
6310
2410
6330
2487
9486
3809
2924
1236
957
7786
7572
4581
2825
5293
2151
5190
1302
537
4039
823
6966
1022
1192
5936
1779
8543
6597
8656
440
6842
7565
8559
7135
6916
629
9268
3237
3846
8154
4080
8964
9516
282
5923
7430
3102
8661
1514
262
354
3524
5904
7647
5887
8279
4319
7036
9813
5504
6187
7012
7329
7411
3827
318
6823
1920
7428
9734
7567
2596
1710
136
319
4258
8745
5588
8945
8931
2015
1323
9428
3412
80
8816
1261
2187
6332
2741
9324
8165
9439
1523
9207
2652
9053
6832
7958
1678
3411
998
2561
7134
7453
9662
619
1777
4809
3431
81
1503
5623
264
2480
4451
4172
9823
2390
1962
6528
8196
3498
232
2724
5283
8088
104
3631
7038
6345
1543
780
6559
7730
6581
1173
5088
8286
3416
1140
7292
2197
512
388
492
940
7400
1973
3549
1317
9668
5766
4675
7617
1066
2224
1891
8593
7765
2575
2763
7915
4679
7564
8982
3931
1141
1595
8994
8735
8653
6809
3597
3496
9959
9503
8707
9895
2128
3502
1358
8304
5749
8548
6609
7425
4799
2900
5104
5495
76
2997
3171
4400
396
2294
1207
2703
233
5439
2991
9238
3233
4614
7990
4522
2067
7745
6205
2325
9758
6940
5040
6133
5506
2619
8887
1660
3478
3269
4666
4020
3808
4332
266
741
1840
78
9085
7582
5460
1203
3349
4024
6333
8989
6515
684
2961
8252
2951
6199
2964
5164
3048
3718
8403
7005
1772
8465
9490
6843
7356
4720
8631
3917
5590
1068
2102
5366
1762
602
6295
6033
3890
1
2885
4793
6599
7024
2404
3957
9859
569
8651
4100
4186
983
2707
2524
6575
4608
7141
5324
4898
5710
994
8116
6736
3799
3098
4293
2068
8418
2486
6046
6390
3352
5501
2029
601
275
8078
2759
2450
8696
6407
3369
2288
4413
4099
7059
297
9255
792
151
1706
5207
8856
2217
3653
1339
8197
3814
7435
9862
4130
2799
2204
2706
5546
1101
5453
4485
7819
9202
543
28
1947
8407
1070
9294
7351
7901
3881
9992
9068
9153
6213
9700
8724
2156
4199
9674
3096
6279
9640
6767
6747
642
9039
3981
387
8464
7216
9968
9485
3315
9811
9204
5664
1028
6895
1930
1798
7880
3708
6589
4176
593
9239
6734
9166
6154
7834
2340
8840
931
9729
3585
2324
890
949
1612
2656
8564
4714
9174
1253
2038
4914
6197
2216
9848
2380
2852
6932
5276
8549
8941
1910
1175
7064
7999
295
2285
2417
7432
6766
9011
2262
7545
9416
7922
2105
4325
1401
826
7412
2264
6022
9325
1036
5261
3839
984
8345
9942
7942
9121
4613
4826
6399
7587
173
9768
2024
6655
7822
8914
2731
2979
86
5689
2905
7393
709
6142
6430
9730
5198
148
3611
8396
6949
9881
3468
9536
544
1700
4480
5300
199
8059
8177
6243
4239
3344
9014
7380
878
2222
5512
2723
7159
6620
9648
6919
302
4416
1522
6878
285
9556
689
5994
3261
7108
872
3875
4753
3188
7283
9116
2280
3670
4854
3260
4002
2303
7389
2471
2058
8288
827
8773
1167
3840
2832
2715
6408
8938
4562
455
7588
3752
9728
2428
442
793
765
7192
2167
220
2202
137
1217
2174
8238
4717
7812
8638
9994
7034
8709
6493
1166
9979
2917
7945
1888
3993
19
8063
6886
3956
6257
5705
4673
5360
8794
2153
1330
3293
3028
5763
8006
527
891
7442
2093
8372
6514
9196
6083
4984
6230
277
2945
3898
435
7449
9095
168
1252
6027
904
3147
2403
6678
2189
4394
667
2276
5924
8103
4626
5353
501
996
6869
8450
3284
8687
1741
2503
4390
359
9433
7918
4773
991
2888
1486
154
9756
4066
3552
4078
1746
884
1076
6384
8574
15
5946
7646
4800
8411
7403
2717
385
9201
190
2657
7241
9617
6592
4585
9591
6001
8974
4850
5026
3236
7932
6654
8778
6483
9543
9593
3859
1911
639
347
9769
7312
9816
6054
5503
1769
8160
5875
4203
9420
6779
2445
5056
6463
6462
9478
6016
4623
547
9918
769
8746
8909
731
8003
8617
4487
7102
6045
1079
4983
2168
2336
5456
1394
7899
7061
8135
7142
9682
1730
5424
5277
478
4381
6139
1111
7318
9709
9061
1547
1782
6796
8382
7004
8481
3041
9330
7357
3211
5853
1123
9564
1687
9903
6601
698
618
1255
752
5814
581
9032
5694
3105
1452
480
2083
7331
8349
2368
3588
6813
2257
5157
7747
7736
5687
6198
4634
271
3608
6216
7560
6854
7961
7128
1549
8029
9764
1143
2847
2063
4742
7178
4869
9507
8039
3053
5548
1362
2610
4336
29
7702
7145
3306
3525
9065
2864
7177
2184
1328
4147
4281
3249
1186
3154
6922
2671
2549
3785
289
2357
3520
9247
4314
7421
5145
5668
2482
83
5482
182
6038
2383
7103
244
3838
9210
6531
7180
6722
9045
2041
6342
4653
1228
7813
1025
1895
2268
4925
241
7240
6348
346
4149
1924
5214
7447
2369
6325
24
6656
4733
2048
4917
8053
8076
6097
7370
6466
5003
9248
3501
2887
6710
7267
7047
5534
5133
2836
1896
5210
5571
6159
451
1343
1878
3193
4930
1863
1487
7179
5127
5625
6608
2261
4695
5951
8563
9339
6788
3475
3887
2634
9251
1212
6452
7255
4438
3941
7793
169
9164
4428
4956
2766
2185
5206
8855
329
5900
5676
8448
407
2460
6394
9798
6921
3327
5690
8429
2377
6662
2330
6706
9231
5445
3974
5962
8131
9290
9711
2457
9838
6689
6424
695
5554
8172
4189
7988
6992
1438
5667
3457
6598
3737
693
8014
4724
2694
762
2218
7573
1246
9601
7634
8338
2182
650
542
2990
5674
9760
2965
4235
4975
5865
7985
8236
8927
5903
2040
7335
1310
4339
2511
6026
3328
4526
4525
2175
3901
7263
8505
2912
7718
9977
864
5033
9412
9746
4464
4532
10
6933
859
1057
9109
6615
8232
1190
4641
3280
1354
5077
7664
2760
8140
6624
2355
8079
6183
6061
9644
1202
3521
8969
6454
5367
3632
9541
4422
1179
5863
6186
6487
2321
5015
2451
3983
3030
7418
6958
7273
8012
8894
5309
7711
202
2304
8148
1860
4565
123
4378
6988
4103
6697
7348
9620
7244
2140
8943
4712
3008
1298
316
251
6595
6900
2872
4667
5955
3174
4648
4887
7499
103
334
1629
2744
7781
1039
4004
5950
7422
7419
1242
9170
1727
1565
1766
7930
785
7405
7552
6852
9323
8787
8129
1289
4748
7165
443
3480
67
850
8309
8874
4468
775
1526
5909
5292
7844
7807
5800
2641
766
4654
5063
3346
4858
8185
5696
1646
6059
9733
1402
8428
680
298
1699
2522
7660
3446
481
2466
1576
3782
5337
951
211
2546
1008
90
3824
300
6898
6356
7518
2263
4322
2848
9422
7690
5188
3072
5429
3739
5042
2290
2519
7472
2391
8655
5212
4719
2957
9742
1652
6116
2988
5374
4298
7207
3034
8490
5867
9488
3404
6693
1480
1553
5081
5827
8025
2734
6155
6464
1877
205
7284
7009
9699
6863
1802
9346
3915
4019
3305
1750
3515
9305
986
1873
3903
4233
409
1288
7637
683
7363
4815
9245
4406
2594
8016
2533
5001
3123
5349
3465
5818
5426
5246
2910
64
8944
2933
8485
8781
4883
9195
7316
8152
652
172
8287
6983
2163
2757
8035
685
1423
1311
4802
4582
4373
107
1176
7451
6074
8145
9481
7933
1681
5968
4071
279
6795
3641
1062
1661
2150
1916
9030
9599
8822
1853
1754
6426
9750
8038
3164
3706
9710
2820
2395
6847
3453
1102
8107
4567
3298
8446
566
332
8369
5952
2896
9311
1160
6683
9025
2600
8276
9661
7053
4615
2776
3354
794
2667
6686
9954
3756
2064
3678
7510
1420
3593
5183
985
7438
8606
3390
1191
3362
7763
1768
3421
6887
3428
61
5678
8285
9081
841
6915
4776
2938
4665
8657
532
9140
5921
4446
7584
5024
7210
4201
8169
9958
3319
1587
4819
847
4304
9002
3735
5298
4729
9976
3967
6196
112
5228
5840
5549
7031
2077
9569
2986
3117
9104
3321
8805
6803
9012
8321
3856
1232
6014
4015
2152
8425
2552
5948
7252
7238
7682
6771
2255
9000
9575
2488
2768
5072
8885
588
6357
2028
9429
8013
4536
5411
8940
256
8858
9902
8604
1201
2604
4064
4132
4957
9863
4240
9344
7940
8639
3565
1623
9144
4770
157
2181
4074
7703
5910
7875
3972
606
23
716
9315
7555
6008
8750
4308
2119
92
2985
1477
4338
1765
6373
3668
767
2439
6726
5704
2208
6436
6518
7669
6201
3159
617
8871
6148
7023
9099
7211
8512
4183
3002
8173
5002
5229
1577
7136
3516
5303
9937
5866
8906
5633
8069
3379
743
615
5139
1823
1546
4473
4280
6857
3579
854
378
3252
9513
2500
4003
5005
6265
1589
8227
7113
965
6837
8714
8722
124
7570
1626
8811
910
5540
2626
7402
8261
7872
9696
1153
7592
2512
2014
6860
7635
8765
9434
5186
158
4855
3274
5535
7722
3534
3047
4383
7082
9395
4382
3713
7160
8011
127
7995
5594
1359
44
1112
88
6568
2691
1753
9654
589
3796
6584
5516
5641
9244
799
4435
8642
7471
4057
1747
2669
9600
9292
7259
4037
197
757
5893
4166
5981
2076
2345
4016
6391
9683
6076
1326
5738
8189
2277
776
694
9227
8776
7395
1107
9283
9187
3122
47
8187
9223
36
3674
863
7277
6768
8513
4508
774
7731
6637
7490
961
1215
9483
7298
4118
6313
7598
3659
5302
7055
9281
5472
3518
4432
3310
4193
6378
8438
978
6489
8130
206
7043
5850
1690
2666
5670
8477
5235
7254
7943
7911
459
8041
5656
286
8519
3982
2091
384
9560
6764
6417
3124
2916
8497
4568
9464
2116
1856
9524
6422
1817
3965
3074
3291
6053
6636
7897
6081
4846
5787
5339
7544
3455
5147
312
5693
7468
5055
1515
2414
8810
6652
947
4096
2733
447
8346
49
2352
5102
4810
1525
3994
5486
9047
2080
1679
6671
6010
4744
5044
3071
5443
6195
3648
6009
7768
9808
1050
1695
9877
6359
2660
3592
1267
9027
1704
7407
7446
7801
2886
4880
1658
3614
2278
242
6180
3720
9059
5815
9090
245
4728
6011
4529
6107
1413
1417
2783
9928
2856
1387
9076
1941
7327
226
4676
2194
8628
2042
4796
7143
3848
2203
3791
4933
6960
5308
2581
3750
6920
699
3157
8416
837
2111
7201
8558
858
7386
9819
2855
973
7861
5208
4649
6631
7104
8523
3514
2520
7785
3175
5468
1804
8763
490
4237
6714
6989
9211
5589
2121
5542
9701
6060
2597
9878
7437
9013
5551
5713
8277
183
9122
3288
4273
4269
5058
2996
6110
4058
4920
2851
6838
5963
5987
3553
6835
77
5835
6118
101
4023
5255
5996
7824
3056
2088
2949
6524
1233
6794
7195
520
1639
1110
4076
3336
2894
3801
4680
7147
8716
7286
301
8737
3807
6360
4944
6653
6365
9916
457
1239
2003
3937
4062
3187
5390
2238
1788
4723
6675
5851
9232
4306
6492
5197
1214
6254
5189
7480
3831
6912
2580
6952
4500
4973
9833
4696
9149
5095
9335
8234
6220
4539
3818
7535
7217
5070
1152
1573
2564
5125
280
8125
9660
8834
1428
2824
6215
7614
6151
8307
9658
7701
7559
3663
6956
3057
1898
1249
7854
3803
9493
1049
2699
8432
5650
4348
1954
4560
8715
1797
6537
1484
3900
1520
1273
3143
9218
5160
4890
1826
2286
2790
7926
6297
8457
3318
1560
5724
4873
8046
1280
8048
7362
1163
9333
8242
2310
2283
3348
3402
9280
4683
3230
7213
1165
7228
4119
5552
687
4248
9744
8919
4354
5478
3606
3973
5649
9631
5826
4833
8825
1987
3528
212
789
6136
9267
1914
5264
4317
1226
22
9876
9256
6603
160
7014
8520
9791
5729
6542
1341
919
9205
8117
4600
4515
9657
2871
7455
5873
4198
2199
2595
2732
4834
6695
2147
848
9864
4555
4351
5892
895
4205
9460
2971
9801
3559
8688
253
4374
995
541
4995
8921
7753
4156
5417
9055
2485
5301
6063
2447
2172
9923
4911
5230
852
9939
1258
4751
8104
9707
3205
3440
4136
2013
2784
4296
2635
5953
8942
1775
9009
7766
8329
9828
5279
9686
8614
1446
338
221
1952
4324
3697
3180
2534
6776
4876
6000
2358
8550
8498
5759
3688
2279
3626
2505
562
3179
4699
139
8499
1001
4620
4404
2267
9615
555
8255
1374
9610
1031
9282
1483
224
4292
6987
5726
8527
6176
397
9965
8334
43
4455
3617
3533
496
5932
1979
6645
8867
3190
4021
3247
8723
4105
96
3215
5
4970
13
313
4571
8875
1738
9243
8517
4315
6927
3566
3954
3644
5635
3665
5110
1966
8966
4561
2155
5194
8216
7519
7483
1379
6114
4357
4117
777
7743
8664
9354
4253
6611
3601
9415
7291
1466
1662
8353
6383
4371
7070
4703
2583
9873
2952
1360
9622
7794
4415
7989
8449
5768
676
1799
1875
6651
6896
9287
1416
5886
7484
1806
2416
4326
8127
1886
8155
7022
583
3655
835
6491
4924
6233
7569
9629
9219
1087
9853
6298
343
1908
587
1933
34
5584
7281
4691
9475
6446
2668
6677
4257
3227
9655
5697
132
9997
8434
1585
7109
6744
8647
3826
8684
665
6738
9472
9715
9871
2860
5487
9476
7367
4425
3891
1296
8988
6672
2260
3686
4264
46
2481
1225
967
9914
1988
6069
8898
3997
9555
7903
5389
453
2535
3784
7269
3630
6041
4622
4575
5679
7302
2805
7347
6398
1971
7804
7322
696
1385
1645
9194
5312
6962
4937
1305
9803
2828
9454
8308
963
6123
6534
4906
6955
418
2248
3569
8295
7382
6135
3251
9371
2498
2516
8886
8294
4424
4134
9499
1278
9301
3032
9986
3680
9303
7725
9141
8367
8539
6476
3892
9491
9889
1147
4414
7280
2808
1939
6234
2507
4861
5627
8741
8804
8511
1312
1832
9868
4
3586
9941
6032
4331
7825
3268
6643
165
5289
8832
4587
3253
2472
2180
5257
1329
2664
831
1714
6256
1620
9150
7714
8918
6293
7150
2884
4033
4544
52
900
5509
8031
7851
808
5178
5306
5582
5397
9447
8214
6442
9427
8447
3377
7655
6320
548
3125
5381
948
8972
8478
6786
7522
3857
3296
1932
5753
8738
6590
1649
9295
733
444
4123
376
7833
3960
7906
8397
2613
2298
9107
73
8644
5940
6129
3217
2676
3165
9616
959
6465
8911
8283
265
414
5628
9538
3666
1655
1369
5008
7392
1808
1002
8767
7308
9118
7090
9641
5288
5796
6572
8436
8408
6781
5681
6177
6267
4715
467
3811
5566
5943
1934
7783
7045
164
8577
7877
1854
3634
8853
2173
7526
6681
8051
7214
1869
3398
3702
146
9364
4431
3540
7099
9581
2585
2529
1178
4197
5989
7642
5466
9659
2818
2913
6846
7643
2132
6414
6341
352
577
6872
2065
907
1412
3847
5570
714
5314
4824
9331
3793
616
2413
2109
7074
2554
5781
9698
4592
4208
8158
9387
5722
6570
9934
1355
5825
8599
413
2313
16
2844
3894
2000
8024
8265
3544
8188
8225
4595
2069
6340
7387
7697
4494
7746
1568
1697
9653
9940
9665
7789
5096
8743
7847
8493
1182
5291
2970
3055
6918
1406
9058
9627
1133
2332
8697
6892
3063
5226
8785
7406
5491
9817
8355
6181
5152
7898
9720
7068
6785
3148
1684
3955
6395
9133
7656
499
4700
70
8752
9040
6811
2781
4642
8975
3920
1613
8298
9250
9549
6105
5861
2129
7713
3162
8545
5455
9276
8827
7741
2045
3158
9846
7686
7955
2120
4885
582
2981
8575
1721
4289
4966
6727
4812
2620
106
7475
3371
404
1659
9436
2477
4251
6250
1453
9125
8584
6818
9043
3243
2862
2098
2107
3723
7935
1812
4785
3832
1185
3040
1701
1567
5248
1636
8582
6377
4017
6815
7065
2073
9466
5319
9063
4862
9355
6263
9550
3177
8660
8998
7396
3221
3794
6343
1715
9704
1482
7576
3871
5931
925
7586
6639
8730
7491
9152
2576
3126
2291
1260
9887
1972
2219
2719
5889
9932
8264
7750
2442
4806
2982
391
4633
2113
3883
2948
4651
8977
5765
342
2792
9540
2643
2959
5860
6354
3142
8108
6353
3862
9675
6879
4923
1722
5770
5075
1164
815
9288
6758
5585
2748
7187
727
6251
8720
5009
8637
3975
5575
3110
9321
4711
3783
1493
9880
3373
5483
7271
5023
1221
817
8364
3429
6307
6935
9821
1224
8961
2615
4731
1791
3166
3538
747
7107
971
1254
441
3918
2005
4899
7067
2911
2625
9671
7997
1216
7166
781
990
8779
6853
1113
2606
2031
5935
7461
7006
2454
2246
1937
2956
3144
3763
8979
3258
4180
1136
6773
4985
5462
8404
2826
3351
7450
3888
3758
5583
8246
1849
6031
7764
8213
5049
1301
2893
9619
2229
5220
9725
6132
3745
7086
9035
4174
1138
8978
6777
8706
5119
3104
3669
3169
9818
194
8175
2114
9401
1396
6314
5018
7681
1422
458
4181
4543
4640
5461
4154
9312
3963
9443
9737
8702
8888
7221
6003
9359
6084
641
4749
1745
7132
9147
9544
6517
3657
3018
2878
5275
1507
5607
778
4457
5587
6980
4364
9403
2289
5872
304
6291
3755
8293
1074
3676
5944
737
1071
7888
4781
2272
2830
7220
3245
6020
8163
483
8249
9091
2309
6938
2758
8023
399
997
8987
1599
294
7224
3683
7206
1755
4000
7787
5772
9008
4133
7118
1663
494
822
2354
1633
6396
5964
6716
5568
5149
7265
1473
4246
5022
2412
9722
9405
9649
9857
7378
7563
9988
3781
8357
3025
7820
944
341
7456
614
308
6367
7629
8423
3437
9163
7089
2926
303
37
1867
1640
9183
6327
79
5878
2821
5631
7278
5404
8341
9712
8378
1726
5485
7193
9705
339
6246
4386
1060
8530
8147
2918
3558
189
4441
6824
5518
505
7060
6219
7984
9672
5653
2161
8176
2501
2379
6513
1309
6577
5618
299
6541
9480
3910
7469
5843
3620
5174
4891
668
1331
4540
9060
1085
8230
4196
2141
8482
2020
9003
8792
4159
9036
5658
4478
8366
203
9031
2570
5357
825
5797
2680
198
3571
7235
7492
5959
4687
3682
9761
1189
7782
5392
4606
2921
1892
4188
3639
4497
4153
4200
5434
3281
3561
3326
6004
1469
6623
1497
8588
4469
9773
6264
1378
5254
3155
631
8962
517
3340
9762
2927
4161
5265
8739
3013
348
9313
5819
7026
8455
7756
2788
5811
8
8111
390
7841
2302
3061
4948
1944
9385
2901
6304
2254
7581
4376
6579
8245
6745
1063
1082
2366
1628
6050
8087
423
5351
6096
1058
7379
8751
4538
3693
4274
5714
4550
4657
1048
5330
3945
9382
7665
8068
7122
9155
93
2993
6028
3685
5448
7018
9145
7414
648
2640
5080
9024
6375
735
4008
9919
4912
7330
1800
3308
6224
1606
8609
6810
3454
7236
7529
2356
7381
7816
4291
4632
9161
4163
5911
2815
4471
3543
9372
4126
9800
635
1295
1459
428
7494
8441
4448
8583
6456
5515
4519
6901
8398
4805
4964
1787
987
4353
7016
9158
9044
8267
6566
8360
597
3673
5562
6923
5919
3426
8139
9766
651
1271
1389
4730
6231
9178
2621
208
2702
8342
2115
2550
6715
4460
1304
6547
217
3001
7759
5838
8008
166
8203
7339
4840
4542
969
8759
8677
3003
6386
5317
6498
7174
8427
7842
5036
7551
427
7610
5286
4798
1510
3567
8529
3224
795
7557
1813
2890
5313
2644
3368
6787
3391
7950
7502
1656
6564
8641
916
9098
2365
1719
3276
5393
7139
7394
1774
6471
4750
9151
5359
6973
7699
2012
4207
567
3216
6996
9252
12
8098
4286
935
5682
3066
1586
1841
4329
8997
1144
906
8504
1902
5253
8492
91
1739
258
8310
3334
6043
6739
6285
4621
1043
7164
4122
6194
2692
5524
6055
7798
6127
150
3133
7889
3355
9119
8623
6530
5536
4184
6567
1731
9841
8101
7698
8312
4558
1142
839
6821
408
2573
4553
5236
4784
3895
6522
2525
4285
552
2774
912
