0
1000
0
0
425
859
376
517
960
25
580
710
567
804
38
581
79
150
911
887
803
805
684
413
269
388
628
731
326
175
543
830
923
331
658
356
404
890
273
549
230
297
612
87
775
436
922
766
753
451
814
232
811
661
745
157
410
327
97
198
387
501
202
264
755
593
569
467
93
252
622
421
601
154
875
37
124
341
897
347
288
322
785
523
716
477
956
235
478
613
455
108
415
750
746
471
667
418
234
846
963
207
210
862
898
109
391
747
335
802
703
553
651
114
535
637
92
99
129
780
81
506
557
29
1000
4
765
892
100
688
973
550
886
464
933
85
90
959
311
864
533
741
587
400
482
537
422
416
162
173
823
879
206
170
340
181
12
144
748
740
338
368
944
294
652
434
130
354
149
86
925
998
606
439
826
485
653
55
348
633
365
752
407
389
229
153
951
566
832
193
419
603
656
423
563
625
266
339
317
437
902
983
639
930
568
8
776
279
287
216
841
168
605
718
435
411
265
199
590
638
183
305
73
258
582
196
531
939
371
74
107
729
615
192
131
7
447
141
690
399
495
673
233
301
632
208
383
839
431
466
102
70
767
665
299
302
849
640
353
263
375
726
246
547
453
23
498
328
957
808
64
295
877
896
510
369
914
237
845
851
816
390
402
166
926
559
798
329
853
904
683
617
989
132
248
75
253
312
314
732
869
487
446
607
465
796
24
364
727
909
457
148
277
228
597
631
855
494
324
118
504
442
850
847
44
20
676
488
822
943
522
227
308
772
952
456
524
795
935
924
41
334
828
789
91
848
837
662
899
179
758
164
520
891
663
278
432
895
56
578
817
946
412
591
26
268
67
160
62
972
282
698
630
611
367
626
801
219
842
736
51
178
706
945
218
89
885
298
978
681
247
585
993
261
695
759
738
882
997
794
988
122
932
919
58
46
965
799
10
480
43
384
403
833
883
135
927
974
300
489
316
903
657
671
739
486
476
509
525
790
949
21
643
137
40
360
251
668
627
158
680
474
721
330
677
916
397
463
707
669
61
689
440
534
19
408
462
812
289
104
190
917
145
106
372
59
60
777
539
575
516
82
194
921
267
937
468
363
936
856
315
996
781
473
249
15
868
583
733
971
470
756
167
291
574
542
664
512
72
381
711
479
685
536
117
113
281
54
599
609
332
835
594
239
222
242
78
760
708
84
185
231
621
910
319
572
872
791
970
165
497
320
820
991
819
313
894
42
460
880
378
958
770
954
191
792
608
32
782
948
127
201
290
831
14
96
500
614
514
693
641
284
809
548
105
80
49
244
987
139
588
876
169
350
398
406
704
212
159
532
754
257
857
560
342
429
120
17
992
679
725
203
180
392
854
829
955
800
259
94
913
618
417
396
647
629
197
224
906
717
213
424
888
616
401
724
189
450
773
337
530
449
2
414
675
283
674
52
905
103
13
174
920
146
276
764
47
519
306
204
893
362
513
48
163
861
385
182
555
975
825
405
966
915
793
359
941
209
27
840
734
969
318
217
119
722
648
50
255
22
215
459
409
262
889
705
592
448
838
723
576
379
995
702
220
728
296
788
980
598
672
561
426
71
321
373
810
526
602
836
735
654
953
624
481
270
994
584
11
39
538
370
645
121
225
546
552
686
551
493
556
529
303
123
604
112
33
719
420
357
515
964
177
53
541
742
866
496
503
461
441
286
333
540
564
870
490
76
544
942
545
31
783
475
394
188
901
271
142
779
737
128
472
934
700
787
35
454
428
125
867
171
34
133
678
961
134
940
874
985
999
824
806
138
30
355
979
977
784
786
184
505
670
63
240
325
709
256
345
518
205
774
908
720
655
427
565
352
502
395
713
579
57
1
635
907
69
452
821
361
768
292
600
757
697
807
366
508
682
275
393
77
878
818
659
860
115
445
571
918
844
386
701
343
699
558
694
620
143
762
778
596
650
691
433
444
715
666
634
863
484
984
223
499
947
307
511
430
161
438
5
469
83
116
623
610
155
377
344
521
274
280
751
636
687
226
195
492
871
358
865
310
88
744
110
483
200
101
743
491
595
151
843
730
349
577
346
528
126
285
152
254
111
16
644
761
749
260
990
66
304
336
95
589
619
6
938
187
982
3
98
900
28
967
763
68
140
714
221
858
950
214
211
380
573
834
884
309
712
692
9
243
797
458
827
238
813
176
382
374
769
45
136
527
323
172
852
929
570
156
586
931
696
236
771
351
36
928
660
507
293
18
649
245
912
272
554
815
241
562
976
646
873
968
962
65
981
986
250
881
186
443
642
147
