0
10000
0
10000
6615
815
7053
1815
1533
9372
8426
9989
5828
8956
8904
8081
2553
3680
4178
8527
6776
1045
9123
5579
3372
7943
3080
2415
8915
8114
624
7181
747
4497
4495
1680
4354
9334
5888
5622
7375
2033
9147
5321
288
1787
4127
7339
9092
6240
9485
1942
8301
3521
2173
542
7519
96
5088
8408
9381
9418
1827
4544
1638
5736
8353
6329
4739
3370
5947
3288
3463
4917
137
2092
3747
5266
4152
6605
7926
8201
8372
7824
1254
6137
9944
6829
3147
7924
9319
441
1688
3811
2323
5369
8007
4388
3311
5214
3278
4784
2884
7137
3542
4272
5465
3895
5718
5190
5337
5540
3835
6337
3633
7119
1215
1904
9049
4202
1928
7263
5881
719
6966
6430
633
7201
3902
940
9963
2066
1088
3559
8051
4043
1236
8953
9152
947
47
7765
9736
5612
1434
3529
8795
6253
9369
2816
2987
3606
6354
2767
5852
3898
9570
6650
190
9580
7846
117
5952
333
2614
2887
8163
6167
4567
4458
1492
2635
9962
3176
5241
2893
5360
1384
3248
7401
7459
7953
6086
3273
9827
3094
7690
868
1894
4891
6967
6145
6735
4393
4083
7920
9775
4498
5203
8852
7084
5762
1429
672
3848
8152
4862
3505
3859
8147
2432
4358
144
9815
8806
3151
5518
9351
8022
1297
2029
4713
4131
656
5101
5102
3697
7379
5114
4546
249
108
6562
9225
9819
5610
5829
5900
3880
4764
9543
6006
6199
1209
177
9782
6108
4607
3926
9176
1321
7270
7869
8692
4737
9625
8333
6926
3684
8433
2964
3118
320
5742
6164
3503
4020
5032
6095
1019
8804
2464
7021
9928
1267
6719
3645
8792
6379
7174
8260
7885
4357
3101
1171
3251
5901
5405
8182
9739
8803
5628
2315
4697
6222
1049
5851
4395
2963
1854
1010
1488
7214
2155
2663
456
4094
3950
6459
6871
8319
8535
2162
7894
1044
9514
9108
2245
4452
3942
3422
4211
9371
7965
913
4204
7627
4771
4402
7011
3732
150
1212
8075
4905
2776
6800
4444
8712
6878
2620
8458
7483
3554
3186
6419
1369
4528
4562
5304
8918
8484
5344
7059
7473
6811
9707
7946
960
1347
4063
9794
1989
7095
7273
3857
6243
448
4821
5679
9161
9107
8666
2542
4536
7693
3630
4642
7857
1735
8252
2735
8672
3072
1148
4028
8882
5648
1668
5855
752
7787
3930
1483
5084
2330
5062
4548
9054
4603
264
9427
3518
9645
7177
5961
3793
7145
5094
1874
2686
5147
1471
7554
5140
5053
9650
586
9886
4890
2641
5642
3621
2015
2556
6574
9532
159
9687
9479
7446
6721
1288
2256
3769
2220
7829
5325
1232
5216
6807
321
5644
6916
2344
1337
2866
367
369
2918
939
9672
5605
650
3921
7061
6424
4107
7820
3849
1439
5854
1241
7423
2134
7042
173
1325
6407
6398
7863
6984
8083
899
8831
1803
5661
7110
964
5262
2312
6617
861
1327
8234
6778
612
6255
3767
479
5376
2889
790
3625
528
9465
4097
2666
1716
6456
587
9288
1613
9544
2514
8939
3536
6479
6676
6850
6746
8275
9533
6879
8762
5917
7776
1775
8248
4640
2509
3068
2306
6959
5270
9389
6607
3062
3762
4883
8748
4695
8036
9393
1771
5388
260
768
7677
5697
8889
1756
7296
3614
9585
6922
6997
2798
1555
6217
8186
5834
3566
242
7356
5856
1983
2510
2726
1674
9639
8242
1268
154
8579
6527
4776
5949
266
5133
9458
1105
4769
2590
1332
3432
1945
1698
2868
2636
847
1135
8169
5078
453
1801
3487
9112
9568
8636
8654
4122
2032
596
9145
4605
7325
7156
7430
8038
6714
6565
3731
5815
8559
3719
8569
376
7529
8650
7226
7640
2847
5907
7017
4275
3759
7194
873
4564
1214
2789
3795
4426
1712
9183
7993
933
9402
6040
622
9556
9188
2399
2026
5830
2941
8179
3789
5350
1162
1398
1725
2617
4606
1654
4633
2766
3390
855
8202
896
1884
8452
4372
4850
8865
5341
9245
1364
4938
381
5289
7437
4650
2355
6286
4714
833
8221
3006
5150
9978
567
6694
7729
2405
8428
5168
1830
2979
4455
6933
8162
842
80
4184
562
9
3110
6876
976
1386
6287
9671
405
8356
297
6241
3978
2495
3196
2001
8634
8982
7976
3833
625
4164
5507
3468
1912
981
591
5365
1740
8272
7113
9995
8396
33
3499
8699
1845
6814
2455
3396
8092
6964
3907
4341
2793
5091
7013
8361
3631
2110
7027
5714
4600
2837
5511
5929
2176
1078
4441
5570
4947
4847
1807
3127
7681
1851
282
4858
5649
8659
808
2373
8156
8130
5455
6087
3375
3084
6760
8954
6170
7497
8753
2782
1817
4531
6147
1530
2145
1455
5353
8145
4187
4568
303
2982
6116
7118
6364
7346
9160
8461
2049
9461
9759
2304
3875
576
5463
6587
2791
9350
7600
8912
2775
9222
3549
6226
7914
4251
1905
8116
4076
9582
22
8871
1188
5733
7435
9576
9181
6613
2160
8940
4908
7950
5479
2224
8568
7492
3347
3677
3688
4506
799
7553
9490
230
8016
2881
5550
2619
2568
9083
4068
7808
8988
9408
9446
7047
4970
630
2689
972
6307
6961
3132
5021
9130
1535
6460
5530
438
9595
7344
513
7400
958
2762
379
8151
1199
7474
5354
6211
878
2621
9200
6526
8237
1799
2423
8048
1670
8096
8431
8132
897
2531
3467
894
3146
2168
909
9589
4397
3230
3214
3669
8809
313
9505
2270
7941
3408
5786
5478
1504
8774
9956
9848
7155
6047
4670
3999
9305
2299
4237
2678
3924
6730
935
7203
7591
6872
7054
4557
5860
7374
6524
5148
3555
6193
269
2441
1597
195
4082
8951
222
1253
5943
6907
9887
6553
8167
7351
8097
2746
6179
2422
9420
107
8517
9951
6219
4707
5294
568
3620
7788
8424
35
995
9965
8963
7904
4025
3970
6300
5674
2914
8111
1589
4813
1263
2654
6060
8297
5653
9710
3301
2647
7967
6801
6033
147
7915
2435
4015
5650
7996
7306
6724
2882
6410
223
5972
5971
4223
5184
6232
7716
5273
4500
9201
4450
7291
2463
9692
6727
1489
2563
532
4584
4702
4770
6819
3226
4050
8648
5040
476
9306
9292
8515
854
564
1210
3399
9437
3678
9216
3954
9076
5624
7068
7753
6542
3531
1467
4907
2037
598
1637
3708
8846
5567
2006
2227
449
8439
2526
9129
2804
1986
7049
169
6324
9731
9985
7355
4086
7822
1588
9131
7679
9394
6893
5678
1225
785
1547
5093
4478
3188
2262
4493
9527
1404
8472
8802
3361
8270
5983
2024
9509
5913
4927
6623
2844
4016
2731
839
1296
5398
9809
6905
950
2394
1072
5264
8429
1779
6112
8632
6704
3106
4870
2125
4680
1379
8853
8100
3806
6584
2561
4806
4
3876
4453
5821
2075
676
4054
8556
9048
3129
492
6534
7467
2
6110
608
8346
4612
3960
9713
6420
9942
429
3213
3027
8789
2601
9223
3605
8464
7626
4878
255
7383
3778
106
8590
484
1867
4369
129
1032
4110
6340
8220
4398
4487
7283
3317
8124
2680
1907
1791
4661
54
879
678
1136
8657
9879
5146
5571
5844
8577
2172
4439
6805
3103
7969
5739
1959
1920
9674
5200
216
3768
2169
5895
5159
8330
6846
8588
2554
286
6701
5372
5497
98
8587
4595
210
3000
1769
8542
2242
3275
5019
7845
3476
2369
6106
1553
8639
2606
7052
8377
396
4845
2952
3056
9801
8419
2672
1837
7073
9564
5977
5327
7359
3643
2494
4538
4314
2862
5073
8786
905
2927
9396
6825
3
2341
4997
1178
8135
2035
6165
7740
693
1113
9339
3405
7804
7791
856
3639
4582
9020
2562
6813
2202
1317
6973
2301
316
4485
6611
309
3828
3602
4785
2872
2191
296
2436
2143
2676
6498
2235
5682
3298
5212
3126
1622
3107
8314
2550
9657
498
1786
9786
8718
3261
3689
9947
3460
5313
6995
5904
756
7460
9577
4483
7697
9871
6070
6645
957
8729
962
6712
2823
2962
4829
5167
709
6978
2712
3787
1425
8019
5825
9666
8891
2406
2453
7880
334
399
657
7952
3427
8664
5293
1112
2874
9699
9591
6723
2028
1706
592
8349
8442
1053
1396
4379
1014
8420
807
9096
4677
8574
8746
4124
6566
6908
43
3703
3386
4409
7647
1301
3421
1486
9135
679
2111
6416
9117
6395
3435
9683
2074
5751
272
2935
2389
4596
4195
8827
1461
718
9899
1157
2285
7741
7407
6579
6671
857
7608
1442
3674
9087
2194
178
2528
4494
5790
9336
4635
7702
9984
1164
6069
9391
2357
5242
7703
3745
6177
5272
5357
2177
2000
3315
4469
3538
9563
5629
866
3933
7622
3190
3113
5951
5256
94
7638
6614
3407
4551
8616
5020
7807
9752
2938
9964
65
3108
4428
2450
1714
3797
64
9303
2622
7916
3752
2525
4991
201
1901
8438
1390
1126
7925
5998
5703
2121
3294
4232
1187
9917
7927
2660
4684
4791
5472
9312
3545
6076
3076
2261
9122
280
8247
2278
9802
4074
7282
7732
1372
1274
3030
5920
740
3401
2524
505
1886
860
3047
2021
1414
7594
1964
2534
819
3713
7692
3915
8611
3061
2156
6631
3883
8158
806
8491
3563
5559
9323
2565
7475
1395
1036
2269
3904
5448
8444
8087
1433
5937
9226
295
8279
7921
4698
9073
1367
4250
2939
2705
4213
1972
8557
8674
6954
151
4750
1095
1957
9793
7069
2433
574
7444
3820
3648
6592
2921
1818
1238
5077
82
4380
6195
7150
92
4611
6750
8591
4472
2815
6826
6709
4208
1664
7442
145
6654
5368
9088
118
4964
915
4746
9609
2025
2858
3971
6127
1655
5336
6242
3739
9604
9912
3075
1202
883
5481
1243
9950
8129
1373
8824
881
9600
863
9026
6936
5026
1261
378
1417
6941
3761
4601
4957
6986
8900
4952
463
7093
6166
4317
491
8131
8558
6902
4988
3077
8165
3023
4384
7235
4502
2849
7913
1548
8888
215
7436
5637
986
9512
293
16
2126
882
6930
4035
7295
7642
1997
8938
8635
1720
7936
5491
8576
4217
406
7159
4113
3225
515
9295
993
244
217
6867
337
2226
8670
7154
2410
9439
7132
6531
4160
5269
9932
9373
4864
3994
680
7538
3097
6328
6548
1911
1695
7717
9195
9425
3865
1719
4143
8056
5265
1606
6281
9182
832
7051
5024
9590
7725
7416
954
5549
1224
6099
5414
2008
2135
3078
270
3483
8480
9072
2504
4974
780
4581
9281
5457
6697
3613
4361
5710
4188
8601
7704
953
1190
638
1738
9911
1696
5017
1602
3991
5836
9818
1411
9442
5335
9728
7947
1609
8572
3297
3640
7903
9033
7643
1593
5417
89
2891
2146
5878
2205
9654
5655
6985
859
4911
4473
1754
7930
3702
7420
7856
4244
831
44
7394
7815
9530
451
9271
7644
4367
3173
4924
1621
9922
5249
1931
1239
9341
6888
919
4572
5210
9902
8680
8121
614
7024
6696
7862
3988
9909
7266
7223
3496
5591
739
4303
9746
6269
2260
2360
8223
4587
2073
9036
8615
9918
6370
809
1816
9930
1645
8599
3869
457
5303
4471
4040
191
6418
435
8511
9841
7157
5135
3020
6501
4079
760
7866
6976
5724
2048
6025
5804
3843
2052
7543
4308
7874
1768
5645
9854
1085
8229
4805
4465
1266
5056
7331
7115
4161
4170
7353
5870
9881
8359
2770
584
5875
8642
4053
7087
5758
7327
8047
6868
1796
2737
1510
4056
634
8106
1691
2906
2973
1552
1218
6672
8357
9140
4462
3255
1052
9416
1709
7883
6734
6789
7347
5487
9236
7292
6299
9317
4765
5060
4234
1718
2209
7730
2119
3526
8646
3675
2149
3486
4060
9166
7385
9900
9484
6036
5970
4691
3757
745
9321
4157
7870
5331
4876
7966
4828
1298
7997
7981
617
6589
2502
7814
9571
2358
3997
5556
8483
6586
4081
9748
4457
4521
743
7583
4525
7767
4550
5196
9910
6737
5090
8884
41
3013
4981
2651
2924
211
8291
1194
3572
5671
2523
298
3411
6452
7167
7652
5436
2582
5164
537
1868
9385
8345
8115
3776
3877
663
6
9426
7144
8327
1473
2664
2370
2148
9449
3199
2998
1984
7968
3257
520
2027
6450
1123
5115
6487
7653
926
7122
4869
7688
1216
9858
8521
637
9453
8312
8208
9424
6680
9318
8968
5528
6039
9706
8896
9395
2359
6532
6683
835
8964
7075
8893
8567
3729
8890
5178
2926
8830
5363
6582
3593
3283
1543
5864
1861
5462
5701
7908
207
1139
3366
4604
6027
2821
572
6983
3289
8817
9227
8217
18
3018
5988
8863
9064
1596
1582
9652
9078
2170
1539
3897
6353
9643
732
2653
1564
5498
9876
3652
7412
4368
1292
1515
7619
1285
3944
5031
7898
1736
5175
7055
139
6064
9256
6482
1730
1544
9990
9608
231
627
4594
8445
7397
1015
5174
9966
70
1134
980
9732
2598
1855
7736
1690
5012
2709
2208
7329
876
4963
2989
4903
8338
2610
961
1125
9630
6021
2349
3524
9986
9110
8851
8284
9685
8801
5274
6260
655
8471
8067
5659
4798
4003
2529
7707
6067
4774
3760
3197
1371
7666
8895
4396
5510
2055
3458
7798
4231
588
5557
7077
684
7285
5978
7432
7609
7577
6478
1853
3603
7521
7408
7256
990
8091
9238
7896
3615
2137
5910
5263
1413
4174
6062
7785
7403
516
7678
1341
5845
4342
4302
71
5868
8164
203
8321
3922
2657
5794
893
267
1625
5753
4277
6026
5880
4023
6549
3053
2596
4942
8990
2696
6427
621
4262
7635
3133
2277
1898
5245
6029
1117
5858
4327
2342
4632
3358
9220
606
1873
675
10000
1960
2109
341
4909
2903
3981
1451
5473
7518
9740
4075
7563
7142
410
5422
4475
4570
5158
4836
7086
7323
9719
4099
9688
2623
7755
3964
3168
8300
4621
109
5982
7720
9973
1994
7123
4090
4492
8899
3616
4512
7281
9380
1087
2487
3782
1644
892
1368
7573
2894
1156
2905
5015
8350
8006
2216
6837
6089
5069
9171
3115
4663
6920
7832
9251
2104
7999
906
9084
4725
8917
1400
1310
6981
9859
8755
4859
2072
1599
6861
7114
3868
7940
4849
4499
848
602
4835
2677
3134
7844
9800
3821
9524
9435
3355
543
9567
5092
1431
3733
1477
5798
5568
2392
2378
3585
5149
9659
7210
7265
9868
4148
1540
6154
4563
2376
5253
1206
370
8039
8671
2507
2239
4780
5343
3867
5419
2838
24
3840
3705
3658
3947
7886
4410
8497
5292
2825
2708
5392
9905
5750
9116
3892
2991
1526
8079
9007
3007
2761
1276
9144
6231
6197
3326
5914
1509
7589
6111
9811
8575
2237
9405
6629
4646
5824
85
7620
1354
5247
4788
2959
8814
6571
6115
6833
4675
7438
4664
9287
3066
8259
6740
5908
9094
5926
6357
841
4370
3348
9574
6991
3511
2207
7960
9941
1516
4049
2337
7994
6687
7774
523
4540
9286
6004
7244
3832
2974
5593
3150
4885
6616
5176
5217
5664
8769
701
3099
1392
7453
4365
7631
6005
7184
8797
2638
8609
168
3581
6757
8344
5623
9702
1082
4520
2180
4276
7517
3247
5898
4586
2751
6016
3004
9455
6133
3293
9551
702
5997
3958
3996
3740
4333
4775
4509
6158
6693
2318
8013
5770
6552
5514
5119
4923
7009
8302
9050
8907
8702
153
258
3676
5280
7907
62
439
9723
1639
5925
2395
8401
9085
8541
2740
3376
1416
1923
8808
992
7892
6101
7548
6865
5283
8531
1512
5351
2243
6609
6097
8633
9146
1328
2861
8005
4875
4919
4390
473
4168
8383
3535
8012
7841
3909
1140
1946
2257
4554
4690
9500
3591
5306
3508
8035
5137
9170
631
1605
8983
9433
3479
3742
8283
6513
7731
5131
9470
7988
7766
9749
5
1878
338
1378
5599
3112
3861
5814
4085
4867
8176
2446
9162
2193
1353
6998
4768
6117
9269
9976
8693
665
5536
1954
2697
9751
6224
1246
3028
2983
2348
2368
8148
7837
5281
5704
4577
1883
1226
6668
9309
3916
7352
8107
2513
4200
4783
3701
8745
1057
8178
8104
7655
9101
1888
307
5822
2794
9817
3851
2700
6362
4343
4651
6892
6390
8139
5226
4289
3083
9531
409
6647
7768
583
4630
134
8196
3135
8441
8475
2759
550
7714
4326
5779
7421
1031
704
898
9472
5171
6078
415
2853
1102
3716
4763
5706
7034
2546
3491
6795
7902
9063
3841
5008
7859
6799
2329
5906
1506
9938
607
1422
6229
4305
8098
7198
9670
8054
8026
4249
8191
8903
2980
1679
8528
5054
8798
6045
4162
3962
9280
7171
9060
5867
8128
6429
6475
6520
6032
3799
7749
8770
4523
6563
4797
4255
9134
6215
1636
7402
3784
5323
2336
1063
793
6492
4901
6578
5576
8981
3690
1952
2878
9883
9636
5965
6843
3431
968
6187
2890
1286
238
5672
4071
6944
6372
9588
2722
8850
9097
6596
2911
7922
4147
1783
6363
9114
7691
2790
2070
812
8796
6024
4666
4998
4767
9743
2646
4731
3183
5377
7465
1159
9792
8002
7752
6330
9179
1532
3771
9799
2901
8566
2768
3544
8604
1863
5201
2093
9839
3525
7016
9528
9061
7912
8286
3179
2819
4119
9755
7865
2234
3208
7023
2688
2327
1814
3406
5719
5985
5687
3601
3527
6239
9549
7669
3285
1348
5486
9767
4686
5125
3695
3831
1741
5366
450
6529
3338
7242
6412
8329
3592
9974
9612
9629
8290
1248
1823
2197
1099
4644
4715
5818
991
8936
6791
8793
3045
21
5191
6953
8519
3995
4125
5578
2571
1499
7015
56
1776
5049
3024
6628
1144
1391
3303
565
635
7003
9504
1992
5712
4111
125
3774
7186
8360
1234
1559
4778
7032
3928
7597
8927
7363
795
2572
5602
1667
9019
5154
9846
2519
7893
9079
2850
8437
6485
8172
3049
8470
480
1569
668
5163
459
6762
3005
1792
1511
9935
844
6394
8367
9957
7232
3088
9464
4815
8781
6945
6775
2812
1326
1393
8052
3026
2377
7501
1971
4267
6474
988
1330
8959
3418
170
7468
5833
2604
5028
3501
7613
3905
5041
4662
6259
2992
8944
392
8373
2404
8212
6733
6756
460
4116
9631
8288
2985
115
7392
6677
7116
1169
2347
8380
971
7606
8362
5698
4362
8375
1562
4853
8740
5067
3063
1995
4420
8138
5444
5730
3227
2140
5046
9232
8875
7419
3642
2945
895
7745
7228
36
393
7289
9148
8421
7582
8211
3035
4668
9493
2385
3138
1201
2777
4411
4510
8997
8510
8788
344
8578
2520
2690
3246
6841
1522
8324
3368
5837
166
2089
6782
1083
5441
2159
9705
4921
7556
9099
4073
401
6102
9833
2609
5643
6848
4146
1616
5080
3204
2600
7140
4628
1001
9255
7195
9566
6096
554
8347
1127
3516
6083
4990
1565
3586
8462
8738
6190
3571
9150
2505
2518
4936
2537
1927
4906
114
7713
7373
6335
6107
7250
7300
5711
888
5023
5865
731
2986
6352
7515
2371
4978
6830
1940
6982
2710
6385
9127
6267
3873
1258
5329
9686
5683
3565
6272
5603
5846
2842
726
3543
8146
3268
9056
5099
6156
1671
4953
504
3279
1686
2461
4429
5803
689
9712
4995
8271
1767
4616
1284
6082
3938
8600
5036
5374
4405
9495
6899
5317
5989
4030
9943
6769
5142
5663
6834
2065
3879
1120
7637
7516
4868
1059
2231
5240
4417
1323
4566
3657
7117
1726
7471
1484
5153
8029
7676
8266
3239
1291
4192
4636
5766
7738
959
1363
8602
7480
1778
347
8274
4154
2801
7537
1704
7458
7523
8125
4897
5748
3374
9901
5899
1829
2729
4812
3502
3309
7272
8613
9053
9983
3334
6862
8708
8440
6821
4171
7488
7721
5120
9939
4971
932
1895
7131
7524
3331
5526
2904
8596
3457
3425
3139
6432
5311
977
4394
4329
9194
9326
3096
9401
9896
1666
545
2541
3091
3339
4940
5254
3485
7792
8294
6409
4935
7949
6928
8916
4283
7091
251
6207
1699
4467
2685
1794
330
1038
100
2551
3492
1624
161
6402
921
9046
28
7603
2095
110
2506
8978
5581
84
4468
5404
7443
2824
6937
1485
7984
319
2687
4449
7794
6839
9105
176
2398
9051
9022
6823
6919
7425
1908
4087
8928
2151
8701
2096
3040
7917
8524
8120
4748
4539
9601
3635
7413
3822
7715
1121
5927
3600
1702
1217
5103
5097
3952
3308
1269
8230
2855
4583
7932
6536
3221
6366
7905
196
6853
3359
786
3925
6932
8213
3478
9695
2218
4558
5412
1436
3754
37
698
8554
5620
3215
3803
180
2396
9779
8197
4019
7078
7064
7192
2283
8573
2634
7301
8768
3060
1662
8548
3081
79
8269
311
6969
2123
7900
6568
4201
9763
6835
32
9392
3558
1647
4440
1646
465
6774
7695
1427
194
455
5928
1329
2498
9777
4198
2402
8775
4745
9374
4278
1256
8434
7241
1882
8103
2068
8785
4044
7479
2011
1846
9621
3720
6437
187
4652
1192
4268
1979
5072
1143
9594
1361
9587
9949
6957
9903
4929
8188
8476
75
1711
2511
8001
522
4104
8134
2566
5494
4669
3972
3812
4610
613
4376
8473
6109
762
7328
7514
7944
8289
261
9267
4375
1409
551
8742
9738
4149
1528
1925
3889
7074
340
464
7764
5096
4293
7612
78
1399
3660
283
9637
6808
2419
3416
4118
6864
2803
3057
548
7818
2674
4123
467
3156
9537
1231
6248
2595
5252
5476
6056
816
8053
7588
475
380
1819
2362
8647
1172
6869
5166
227
7975
225
7045
9516
2643
5728
2602
2694
4665
7800
417
6066
914
6820
1423
4480
5709
9584
1969
7330
9231
9491
2213
7207
518
9808
8317
6675
5524
538
4514
4072
1193
2613
999
8958
8406
1495
9599
7805
6290
2843
7962
8339
4258
1093
3306
9173
5715
4423
8859
8779
616
9075
2264
7384
8261
5930
6309
4173
5621
8088
213
9218
6345
7072
942
7769
7847
8878
4105
8332
4667
9945
7919
8488
3609
643
916
3692
7307
997
2544
2996
6441
3967
3466
4889
2132
7125
5027
8025
9519
3131
8905
7565
2071
1619
6176
2308
73
1235
3755
74
1617
2241
5675
4155
7322
6643
7990
5380
1466
6521
3086
8759
849
4279
9459
1340
9301
5831
2366
9715
3903
6443
2286
6169
6436
9579
4549
2701
1545
1737
3570
7262
4648
4699
165
9598
493
5394
1116
5861
9515
1773
418
1929
943
2102
1090
7581
3517
9856
2500
9776
99
4301
9294
136
7830
5423
5611
535
8031
9642
632
1163
1875
4913
1570
2854
8974
1443
4150
4987
1334
6729
1840
7839
7739
7998
3550
4470
5202
6947
7230
5474
9700
6690
4728
9541
3105
5437
7532
5461
8423
5531
174
1693
8105
7989
6738
4501
5207
7143
1421
840
8486
3626
9614
1869
9474
1877
6191
9838
5083
7083
2064
6745
8653
7616
531
7029
4937
4986
5668
6196
8490
9586
7006
3417
5044
2645
7770
2558
277
7259
3436
9357
5098
8187
6157
1640
2097
5720
9040
428
5001
8930
6783
6469
5333
7737
1947
2913
3854
5902
2950
803
4709
6772
2300
1359
8860
8303
3363
9960
2466
8544
7782
7811
5934
6810
4565
7297
2922
1583
2867
1860
2743
6318
1603
9681
1708
2481
3973
3079
2779
1747
8612
7146
8485
4385
8394
770
9275
252
524
1322
5702
4673
2002
9618
1563
6201
7000
4159
87
4482
3672
6453
1936
9192
5334
6770
1594
5958
9253
3216
8011
9552
720
4108
2352
789
3433
9669
9523
4418
8222
4047
8782
1852
1324
8348
4681
1546
877
3038
9086
9332
8000
9410
7128
7237
3679
865
5458
4226
7522
2086
3886
797
4018
6411
7076
4976
4717
1692
3050
6702
2741
4209
8455
5660
495
9133
2642
182
6849
639
3608
8041
1523
5082
7433
268
9653
4834
5126
890
6194
3638
5773
2128
3574
9837
171
5064
2364
4574
5338
3914
2713
2013
1623
4822
9832
1727
6244
6742
9933
8008
7551
5440
6381
1251
2972
6842
7499
5483
3158
7959
7842
9314
615
9498
3790
11
1481
2413
645
9212
5355
3765
8565
2094
777
4219
2482
7456
5647
8771
7162
3465
4678
9689
7337
8991
6313
8299
7705
466
7314
4547
5347
4578
2320
7393
6934
8514
2527
2346
1456
7280
2228
9104
7212
5378
1592
4552
4792
6731
5979
275
2876
6679
2886
7772
8665
8644
3154
1058
431
2533
9772
6655
5248
1222
1289
2284
7592
1915
23
952
818
4142
4197
408
7954
2161
3957
1103
3218
7477
5874
7121
9869
1176
707
8393
1620
8292
3540
7867
1406
7382
6767
9575
7641
4515
7687
8668
1701
8264
989
7205
5850
3727
6622
7809
9440
8504
5886
2353
4121
407
686
8741
590
1025
4758
220
6897
7502
7615
1385
6393
8175
1608
5006
4749
727
8550
1299
2488
3910
751
9004
5139
2957
9754
1012
6285
6504
2879
3389
8594
6140
2060
852
2233
5992
7897
7041
2252
8245
5490
1450
9237
3440
1524
9124
471
5464
6588
6619
5037
6506
9502
7340
8943
3714
8239
8924
421
6713
1307
9994
7033
3751
5813
8225
1229
3039
3043
5774
2575
4980
7575
197
181
3474
3893
9202
6554
8227
3267
2372
9270
8955
4956
5057
1008
3749
8400
737
2409
452
6188
289
6779
2127
7036
8909
332
4151
389
1586
8024
4513
6141
5950
1208
1648
3244
9390
5993
6725
2189
8941
8885
5243
3796
6511
3547
3694
8922
7599
9812
2552
6448
3801
9961
2460
4017
3122
9290
1576
3449
3612
9030
4904
582
324
7604
571
9583
6682
2805
7958
9297
2491
7710
8614
2115
8323
8049
8503
2382
7152
7166
2090
3450
5716
8453
7744
5607
6100
824
6206
6768
6857
2744
3636
9492
4145
6050
775
4045
6213
6010
4106
356
2411
9023
5809
891
766
6627
7558
2808
6710
4914
2947
5700
4888
9006
671
9955
6575
4103
8960
1919
8502
342
758
3253
8095
5760
696
2499
3264
5933
6081
4235
262
4811
5729
6002
911
9761
8280
712
5186
7135
3836
1453
3968
5492
1525
3580
2246
6910
4013
1862
7566
7498
6715
3885
8422
9908
8493
4189
7190
3520
9403
9207
1527
5759
8977
3402
1441
9235
5594
1013
6245
489
3369
7658
1132
5625
9517
2043
7564
6227
1948
7476
7396
6989
8713
8937
3686
6838
7298
6576
8640
3041
9916
4264
8040
3252
6356
5964
2279
7243
8661
5014
5552
5981
7324
4295
443
3700
9861
9003
4032
6786
2017
2223
1717
8256
1612
1517
3993
7260
5258
6518
83
8341
1672
2492
2560
1308
4100
5887
2325
3528
4589
1542
9356
7341
8919
5656
1153
8620
9559
603
7682
3481
7079
2457
2579
4400
6939
152
1382
3564
5071
6686
1265
9745
1490
9561
2103
7718
2633
4541
9258
7746
6781
6494
9648
966
5296
7849
3364
623
9821
7918
9342
2408
5144
8257
4886
9545
4743
533
7545
5089
8820
3059
9525
1999
6624
781
2608
8996
2273
3983
9734
481
5383
5068
8378
4989
3187
956
2732
8886
7761
2038
7955
3314
5048
1152
8432
9456
1089
4685
3691
1944
9535
3685
3891
102
8374
4088
5495
8998
7733
7361
6273
2742
6308
9221
6698
1938
8477
3114
517
6956
4777
440
4351
4347
6620
6580
7066
8622
5430
3461
1705
2061
8003
8337
5737
9081
887
1437
2515
1684
3296
7234
998
8407
7219
717
7561
7284
2473
3211
3404
8543
4297
2581
7621
8157
248
4447
8595
123
4315
3164
3920
5267
5512
7012
9613
3963
4306
5757
4534
2717
3016
9189
1252
8790
9897
9417
1689
4555
1357
8397
4629
3274
4218
9254
6104
2786
2951
8949
8077
858
1519
4129
8874
2765
8980
5141
9411
3482
9864
7254
6863
2970
4138
6252
163
5608
2698
6790
5587
7229
7065
9547
7025
9475
4724
4432
9149
6666
6640
7275
8546
8709
2637
5866
4287
3143
3235
8171
1448
5775
8815
8545
6573
6288
4848
5482
4460
383
9656
5820
2640
6591
6473
1996
8451
836
4207
2569
2401
9503
2171
259
3259
3819
8686
9920
5617
1073
3726
6159
2679
1388
5776
8681
8724
749
6851
2956
1389
7568
5488
6581
6512
4787
9959
3959
3234
6376
3717
7002
7035
7877
9481
2022
4214
3320
1967
9422
8174
2393
3623
8608
7712
3282
1658
186
2703
4061
5129
9397
8898
4433
3323
2053
7668
2944
7735
3953
2447
6994
4683
723
1611
6608
4488
77
9784
485
6915
9641
9724
3949
9423
27
3206
2047
9080
9676
4442
9355
7634
3661
3324
4415
1678
6124
6246
6692
9304
5905
19
626
7183
6350
969
6555
2806
7664
7694
5782
1346
7931
4316
2933
3649
8823
9074
5255
6289
6143
3145
1909
3556
3507
6065
7584
771
716
2225
2041
9451
7569
3001
5999
3965
8331
8584
5853
4517
3300
3839
4504
5439
8868
9662
7727
3015
880
1963
1965
8862
5806
9526
2069
7890
6602
9716
3109
1002
6421
9892
6397
2167
7268
8970
936
5598
3249
1631
2328
5717
454
6816
6777
593
9025
7112
6678
9432
5285
2467
4932
6017
5460
5358
6938
7891
3826
2005
7196
2217
6561
3814
322
8495
8965
5204
3838
8109
1806
6912
3484
2639
9128
6988
677
487
9443
9348
4810
8340
5387
7601
6163
1755
3175
9011
851
7938
2310
9768
4631
3354
6073
9241
2802
9617
500
1287
8690
8154
5777
798
4880
2733
8435
4720
2548
7674
5969
7097
6880
9829
6257
2200
1412
4282
6139
1161
1101
9204
759
2122
4701
9816
5572
3855
2079
2175
2314
8756
4181
5990
9368
1903
3166
2644
5634
6508
1729
9849
8931
2293
511
9299
4830
5835
9553
1866
2100
1630
9233
7858
4212
5597
4654
2430
2007
820
2157
93
2076
3332
7489
470
2042
5504
8232
5912
3709
6488
1580
3673
6758
8117
9062
5016
1034
2067
8682
1933
5823
2470
9555
9210
4177
4156
1970
7149
68
4759
5986
4036
7180
7630
3587
2603
7165
541
9969
4803
1635
7684
8677
5108
3192
2489
9569
5429
5800
4321
845
7654
1572
6150
5857
4096
822
1697
6189
5459
8676
4840
4353
494
5936
7777
3858
218
4879
3500
2965
6703
685
7381
6505
4751
6990
5193
299
6965
8866
5545
5233
6904
4700
9308
6962
5421
1468
8004
6282
6128
45
4627
8089
6996
6085
6653
6958
2268
6408
7391
6181
5811
7310
8467
5807
3850
141
4982
4533
1766
7757
3262
1129
9581
386
8295
9616
5105
6540
1981
8410
2730
3641
864
9506
8835
3671
3823
965
7482
8911
1104
566
3490
9163
2778
9596
221
6094
7428
1119
1789
2440
9554
6351
1872
4454
1713
2297
7942
7623
1985
2773
6497
7088
9206
4530
4860
6635
9013
9602
7779
7094
6854
1173
963
9467
9698
6198
3373
5220
8443
2289
9907
9925
9824
162
8209
5362
2865
4014
5000
2555
9089
1537
5107
9289
3862
1677
4645
6015
8832
2829
506
7276
6999
7449
3413
3846
4233
3712
5309
3241
3937
7748
4259
2116
7651
6346
2426
8293
2831
1124
4031
234
1777
5447
5561
1998
8363
6970
8532
6320
5399
6444
5307
6396
5348
9384
1335
7734
390
982
6063
5871
8411
1784
6183
1027
8070
9463
7605
8752
8687
4364
7389
6585
3441
7224
4166
5863
8388
1435
6202
2870
2136
2407
3349
122
2611
8071
7628
5130
6720
9977
804
4524
7411
2631
9904
6071
7080
3929
361
8777
185
6451
2331
3229
5345
1319
6400
9002
6209
2166
9157
2576
6314
8364
2539
199
130
7147
1835
8523
9690
3178
3773
6500
6136
315
3153
5789
2557
5651
3383
1649
3046
1376
5446
4688
769
8906
4851
2313
1825
6870
5370
5574
4693
3319
6072
4093
7320
669
9376
1858
4752
5316
8625
3864
1360
1304
8369
6327
7972
9737
2319
1111
1772
5271
7431
6442
4421
3379
6866
648
2788
4559
874
6435
9970
9934
3494
6960
901
9638
2303
3975
3523
6153
6600
2946
7567
2211
420
8216
3961
462
4008
7987
3979
6079
8218
7071
4926
2885
132
3837
226
3667
8933
908
6752
653
2715
4057
1362
6886
6496
5070
3607
7020
3212
934
6247
8784
1151
3128
9215
6659
1365
1054
4412
4789
6963
7662
9954
3202
318
4615
8627
412
9109
8994
8241
1170
1681
681
2343
2940
3064
3808
2201
6053
9540
3455
2942
1859
2902
9419
7236
9862
8695
4383
8446
7043
9507
987
5826
3177
4647
7187
9823
7906
12
8828
6125
8034
1824
4496
7557
364
6706
2783
3430
7985
7429
9257
5187
7625
245
3266
9597
2454
8562
3504
4519
5111
419
7026
5609
4899
8734
9968
8465
426
4386
5402
8605
1682
2429
1464
692
2322
3313
3012
4624
8582
9632
1974
9414
5641
5501
5919
6909
9721
928
871
8925
3292
3807
6184
2080
578
6480
8513
4809
8902
6856
4313
8206
6315
7574
4543
3456
6200
5199
1186
8336
3342
8838
6477
9005
8962
9365
1916
2856
9193
5761
4324
4910
6057
5882
5869
4738
1685
6365
3438
7317
9805
3551
8730
4556
2615
5916
9468
2187
6080
688
314
9667
7937
20
4002
7961
8715
8744
4070
9103
58
6084
7299
9168
5564
9678
9010
1581
3557
3071
2247
2536
3258
8072
8028
9622
9878
8995
6560
3367
1763
6135
3866
6530
8667
984
8253
1237
6572
2326
6294
652
6014
996
7855
4793
4721
9447
224
3723
519
8354
9307
7160
8496
3181
8984
6279
9015
742
5454
9488
2003
5595
828
2152
6545
2009
6874
7506
5445
8457
7308
3860
3546
6249
823
8381
8811
6538
1474
8166
2908
3579
1149
2236
6638
3986
4298
1669
7380
6461
912
3698
8200
2699
3651
1549
5918
5560
5586
6751
796
9034
6375
4391
6123
9931
6894
3210
4571
3815
7593
2723
156
4985
8733
7206
4117
2238
442
6689
5963
683
9791
929
6114
1316
8085
7369
579
8069
9139
5667
910
1578
4256
1508
53
3380
715
2212
6476
1813
4542
3681
9378
7060
5563
1175
3381
9522
7848
830
4591
6331
2144
1100
5708
6656
7120
9651
3706
4026
8050
1479
9311
1309
1460
6283
2530
7240
2414
2190
8985
1004
2332
2019
366
8084
8655
5110
7646
7656
1444
2188
7030
2925
2178
8999
5539
927
5409
7037
3025
6827
2863
6174
4033
9936
5515
8074
6466
6270
3265
4459
2139
5359
5731
8728
6784
9471
5994
7365
3829
5087
8078
1795
2203
7659
9888
2265
3934
9494
6138
8780
7899
202
6972
4619
1349
7539
9611
979
9386
9658
821
7852
2627
5162
1465
5427
5583
4754
5192
6728
5840
95
8281
8141
2570
6780
6439
7742
728
6606
8810
7334
5692
6595
4011
436
5299
2764
6161
570
7871
810
4461
4718
7315
1401
7595
6812
4819
5223
3758
3237
5960
1138
8418
8722
5297
782
8720
1470
4069
236
3514
7977
3872
9893
6129
1260
9610
7500
4288
3943
7979
8508
6175
4137
8370
2030
1114
7332
8198
1110
9028
8673
1109
5955
2857
4915
1988
4345
4431
1428
8267
31
9358
7875
1091
3834
8805
8425
7784
9496
1290
7754
1306
4206
8641
8629
9243
425
9982
4839
9444
4404
9016
6182
8500
1758
9708
2082
7639
5022
9730
8306
5401
4179
6373
6302
9198
1042
9762
1377
7546
6464
6684
5767
1890
6547
4637
3569
2163
209
9343
3312
3098
8839
5138
1839
6391
8195
5169
6271
1990
6389
4285
8460
1250
5890
398
8153
2131
4486
5744
1700
8763
5555
5109
50
371
9480
6332
7090
3220
1077
2474
7267
2618
1457
8062
6877
9820
7810
5059
9877
9510
1949
3617
1039
9971
2591
846
5523
7895
5680
7888
1518
9366
6891
9229
7450
1820
1211
5872
6186
5116
9445
4896
9979
1475
7316
9860
8063
3462
4355
9077
3182
3682
5385
2592
4733
746
2420
9239
8018
7512
1043
3102
7636
4949
1550
7350
9191
2339
7130
9929
8564
3295
2480
1459
8505
4753
9560
9093
4046
5600
7426
2931
2822
1987
1320
1097
6405
9155
8726
4133
3205
6258
7838
8873
3881
9462
9272
4799
6543
5157
6632
8700
8731
8610
7127
5480
2106
2465
7111
312
5085
4167
8834
7939
1200
8961
8311
889
1311
1937
7287
7279
6223
4526
2975
2174
2785
9735
3290
7216
9184
5626
970
618
1676
4967
6940
4270
7309
1446
8123
3548
4756
5944
143
2229
1865
6297
4598
1130
1154
8326
8967
7478
8489
9842
2648
3299
5631
8328
6349
5332
4740
5373
644
9770
5771
8395
9082
4335
8285
9441
7106
7495
3772
1591
7404
2981
5532
4641
6122
7771
8957
8536
6556
5662
6348
8315
4080
3174
7163
6993
6305
1493
8818
9981
7876
5106
7469
7304
1131
1147
757
3336
8190
1198
9172
509
9219
4972
6523
9620
917
1842
1108
7508
6634
335
7971
4229
3021
5980
6377
7481
2573
357
5847
6535
1277
3919
6593
4692
8969
6303
2232
1889
690
9890
9000
3472
241
2630
9187
2442
7371
7923
2852
2130
7447
3845
1962
6266
9769
1220
604
5364
1828
3207
7257
527
2129
60
8707
7672
7571
1759
9660
7139
8717
4639
2421
985
8415
1812
8386
5209
2589
2960
4194
5769
5225
3813
4490
5984
6044
8976
1302
3646
5695
5741
9915
9534
6262
6583
1742
2932
2628
9830
8368
2667
8678
1197
4522
9673
9539
4005
1930
6061
7671
3541
5170
792
4084
4613
1574
7038
3318
7248
9277
5553
1046
7520
6342
7461
2545
544
1242
6250
4887
1703
2593
8009
8948
3236
3203
5987
1798
6787
9367
6793
7578
5543
1750
300
3093
5063
7470
628
1560
7039
1502
1182
9997
7963
7910
4999
2763
826
4716
4120
9409
5431
3272
8743
4922
4257
4593
247
1155
5590
4183
6263
6537
246
2583
5451
4744
9924
4535
2397
7701
205
1350
8474
3090
5768
8023
5535
3125
3781
5244
5435
7342
546
7277
5522
9680
9478
66
6091
2428
8705
1751
3637
6626
9987
9029
9718
2968
9606
1844
7092
3777
8244
6042
3809
3124
5002
8723
3498
437
9572
2379
3167
3578
6068
2387
4755
1871
1402
4826
7790
4021
7211
9867
5410
2483
3260
1262
6225
3817
7215
7179
3034
4252
7441
3654
3935
3475
2900
3888
3506
256
6499
1864
4220
5544
7602
5946
2490
838
9518
853
4723
9211
4344
9722
7535
4242
9870
3990
6818
2658
9360
6559
4580
263
8417
6717
5151
4511
6651
1660
2462
5074
8170
9758
131
4006
5727
8205
5484
7706
8403
9923
4808
5839
3622
5883
7326
8450
353
1590
1070
2508
4959
188
8719
601
9840
414
4243
8847
4892
2164
1585
7290
6284
7335
8534
2673
7208
2016
5136
8481
2917
72
5764
3576
4371
4065
8773
9209
5922
3171
3082
6923
496
6355
8254
6759
1976
2363
805
368
4527
8643
1847
8739
1069
3371
4726
5945
3522
411
3010
8887
2258
1181
907
7417
7209
1788
212
9529
8142
5284
9813
6660
8494
4592
6185
7001
8736
4199
5182
955
7549
2662
9697
5287
6103
9628
6955
7496
983
8683
7217
794
6382
7386
3434
4225
8318
1061
4058
9363
7510
2727
1026
5541
7414
2503
3940
5315
9242
339
3286
9999
7158
2538
5384
7031
3469
5849
610
127
6204
374
9891
3439
2910
5471
5792
3573
8537
446
620
6236
5812
8867
1264
395
512
237
7486
6291
9694
3917
3426
2219
2147
4253
9250
4310
7957
6785
1068
661
2266
5229
3222
3092
3530
7887
1383
1415
3738
4089
4599
6911
7649
9773
3575
4144
9665
38
1195
6515
585
1356
7466
6845
17
9646
7457
4796
3763
6383
2386
5113
6119
3117
978
2431
6144
6599
8184
3087
6298
8140
5735
714
2877
327
4617
7255
6898
5506
6748
4027
468
2669
2841
2335
6688
7675
6265
619
7982
6423
7358
6310
4407
4224
5407
461
310
2734
3054
6636
9781
646
5502
931
4537
8563
1168
6151
754
1223
6815
9291
4576
938
755
4062
3766
7019
9992
4401
8829
8027
2993
3452
3276
4602
3387
1249
7464
7576
346
1055
9383
1811
3228
5246
7173
4946
8376
1305
1071
5185
6325
2356
4818
7526
1271
9137
3624
5493
4309
3159
6980
2953
9296
3454
6914
7812
8518
5278
146
7264
9217
1344
6210
400
3932
1086
1065
2873
9379
2340
7462
4590
3095
5884
9012
2051
5045
2063
397
7103
1037
4579
1659
8836
1770
4760
4165
2521
9248
4389
2997
6931
5967
7531
5010
5956
336
9967
4215
5802
3589
8592
5746
6567
243
6489
7586
4445
9765
4800
8113
189
4037
9717
7542
1993
6929
4841
4900
7197
597
1557
9268
7286
9661
6906
5234
6979
3219
6214
534
3155
5752
2418
5302
9851
7102
25
8901
3941
2192
6237
886
5897
6517
6041
2380
9047
4436
6178
155
4280
1438
1554
3775
2014
291
6840
9948
8626
9607
4706
4239
9197
51
6465
274
49
2807
697
5443
8366
2851
8064
6146
9919
3142
4422
2612
9873
3437
5134
235
8570
384
8522
4814
7509
8826
6339
2756
8651
3704
8881
4948
5596
9436
2031
5892
8645
8921
8233
3224
3519
9542
1184
4655
1673
6855
3073
1403
9042
1028
2195
1838
8631
9038
6380
6462
120
5346
2820
4004
4884
5976
1973
8623
1832
2588
5525
6463
9795
3480
5375
8385
8127
8883
9115
6171
363
8766
8711
8856
5033
158
8516
8732
2012
8099
8932
1579
1955
8155
1115
3735
3619
1826
2204
3655
660
7349
540
5194
6322
8837
3245
8560
8010
9431
1295
7806
1035
1968
3009
7105
6203
2848
2721
2771
9874
8282
3403
6792
8391
8540
3310
9477
9927
8813
9906
5029
1800
6034
6502
1463
6831
651
7796
9803
359
2883
8685
3987
1634
119
783
2543
4196
5705
7778
3583
2445
8553
3662
2165
9113
5639
5389
6749
1122
8920
3610
6261
1831
9822
7485
5509
4352
2814
9259
7169
2101
559
6142
352
6836
1183
7632
257
4292
7665
1571
4643
253
1204
4134
5816
3120
4338
6483
1534
5562
2540
7851
1096
4172
2580
4843
9469
285
3847
3019
1615
6726
1601
4091
2977
6895
4944
2215
611
55
2774
609
7044
301
3594
9266
9320
5039
1917
9438
6090
9100
2937
4286
5614
5533
6048
6621
6519
1809
1174
9180
6883
529
5734
2795
6822
8498
128
8561
2311
8296
1030
734
4659
3725
5361
6001
7901
2880
1227
3664
5004
3032
1280
7372
6743
3800
2451
2458
1022
9520
6950
3051
6755
6028
4945
6317
9039
9044
3878
4622
636
503
8309
48
206
6312
8897
8342
6008
4881
5973
6433
6092
920
8447
834
8240
2718
8710
4135
3328
1950
2088
1491
1531
4833
8189
9857
1891
713
1270
5173
9164
2916
4569
4620
7161
1273
5416
514
7884
8371
1213
4024
6387
5328
8466
4508
7151
2271
1016
8492
2240
2834
9980
416
4281
9278
2934
6761
5558
6003
4337
1203
8872
6484
9778
4291
3736
9825
2864
6522
7261
3982
7978
8150
6168
2098
1943
6013
2044
2198
6278
642
1303
6509
7455
3277
5172
4801
2179
5585
2535
9701
4274
1804
3429
7136
7909
3031
4464
5411
355
9486
3022
8402
9804
1366
7980
7294
1505
7202
3242
5859
9760
4676
1808
4993
2253
9118
6691
2476
2087
5391
2969
7728
8772
6180
5577
3037
9499
8251
281
1650
664
2826
7747
2749
9476
160
1850
1733
3882
9057
2438
6597
7448
5035
7541
2707
8365
6160
1408
3568
6649
6858
6516
779
4334
5974
3946
6663
4825
8624
3238
9633
5206
6406
764
4874
5848
4983
1315
8352
5390
8879
9399
6884
5291
3217
9454
2574
2739
8987
9473
5489
1721
7108
273
2444
61
6648
3992
7336
4507
600
9975
3908
7434
7056
9349
3884
5339
5433
1836
3553
9766
1607
7763
5554
8250
9228
4193
8310
8849
8607
3393
8044
6765
5231
569
6077
5382
219
477
1191
2547
6510
4977
290
3567
5877
1454
5075
560
4290
8799
4115
9091
9400
817
9205
1500
2897
4827
5018
3445
2259
3231
8057
7685
7726
6700
5300
5221
4186
7970
126
7100
3977
8816
1003
5968
6952
7040
3240
1507
3582
2142
9185
8765
1632
9866
7484
6422
6493
8783
1885
1584
2995
499
2485
2290
3598
1694
4269
4416
8192
388
8507
3329
791
3743
9328
4837
8468
8277
5797
2333
8691
2479
4687
4973
8045
3444
9764
9546
4994
7973
9024
8877
8278
9679
5466
7246
5485
507
2351
4077
9406
6987
7610
7699
7789
8482
6618
423
2459
5503
700
8737
555
738
6917
7134
4966
670
7504
3353
1314
2296
2655
2936
204
6803
2988
5397
2338
967
1732
7696
7005
8066
530
86
5923
5606
7439
8841
1849
5817
6925
8387
1009
3055
447
2738
553
4671
3976
8580
4838
8183
6630
3532
1374
9789
9151
7008
6301
2486
1338
4476
2334
7172
7826
5047
730
4055
9885
3307
8133
1687
9953
6031
7104
1207
8448
9972
4323
9120
5160
502
6481
5043
3085
549
9362
3707
9693
7225
9300
4387
3271
4588
1857
2532
4503
5589
7200
658
695
6338
3395
9035
7797
4227
7934
1567
4902
7873
5516
5942
1497
7362
2321
2990
2185
3398
3424
3911
9154
2249
2361
2797
2298
2091
9208
7534
7817
2752
8177
2081
3923
6277
5470
1469
3830
63
6009
8606
6601
9703
9412
3644
9704
5104
6431
7487
2966
9375
6594
1743
6744
7775
3165
4284
4727
4029
9668
5326
3195
9234
3378
1848
5123
7415
3730
7624
9466
6018
9337
5548
97
2860
4928
8308
667
4779
4872
4762
7269
7983
6948
9059
6446
4679
4312
1050
7193
6458
1683
6228
5290
1375
2390
9605
8231
3722
6220
3786
9788
214
5873
7629
8076
8589
1966
1336
2599
7889
4852
9143
193
1079
8032
8137
4735
6254
3446
5832
8149
9644
8243
2683
3193
6386
1834
6392
8842
4729
6533
2388
394
4377
3052
8971
5630
7660
3058
2302
1040
8973
7345
40
3827
7354
5456
4169
3365
6035
228
9041
9615
2578
8926
8389
5723
9634
7028
2725
9640
3343
3802
7723
7833
1458
9071
7722
1739
3900
88
5801
317
1797
232
4328
7452
142
1643
8812
9065
3316
6093
6732
4446
4657
8876
5065
7801
445
5615
9508
1897
4855
6020
7825
175
5415
2287
6507
1503
5025
6900
9889
2832
1822
8322
3111
9836
8046
4012
8185
7868
3191
4000
3223
6652
7390
8696
9199
8975
3357
7663
3989
8404
1166
3894
5179
112
7816
149
7783
5197
2919
2291
3384
5896
1841
7338
5428
2158
5529
2958
3382
6641
1355
8767
373
6569
4984
2772
8235
4346
2050
4248
3779
1896
2280
6771
8684
403
3410
9037
7168
3629
4954
1245
9744
9387
4236
8861
7618
9565
9322
7405
7951
4101
1922
4479
1977
2057
4132
5453
200
654
2923
6088
3412
4271
4962
1982
4518
4059
2871
5318
308
208
9647
9787
2577
4861
2719
2039
2186
7238
1230
9448
3065
9325
9790
9783
2813
4790
5722
3510
39
7058
7081
8992
2141
3746
4191
6323
8181
351
9940
1761
2616
3951
2496
2059
1339
8735
6126
3948
5632
7364
1000
2108
3906
7878
6280
1342
9260
5940
9141
1066
6544
5939
1652
7590
3345
2255
5838
6903
4007
2626
469
763
4408
7376
5275
2670
9407
5699
5580
1449
7258
6637
9725
104
3130
4968
7388
5314
6440
7562
5638
6038
4413
5055
6992
6722
6828
7175
2810
7274
1487
4247
5442
5009
7552
1420
5932
8478
8714
1075
7928
7377
784
1558
6806
3471
1426
7834
4190
5145
4505
4158
306
9434
1331
4489
5420
6491
5381
4339
5038
3116
8538
239
5582
6753
4373
9213
4656
5788
1651
3089
1880
2221
4336
6705
9996
5239
2384
7454
5805
9623
4078
6054
6674
8509
4975
6399
4682
3415
6974
7611
7836
46
9249
9352
4348
5155
7617
6662
2381
4392
4712
9937
9327
124
2034
5408
113
233
4425
4742
4933
7221
2781
7245
1018
5342
3533
8525
6173
8086
6541
691
6333
2753
8298
9863
2078
3918
5330
1514
5646
3665
7007
9098
9021
5312
7831
9557
3149
6052
6447
2214
9070
8778
3351
8238
9338
7406
4741
4823
3584
6664
735
6921
5841
4773
5588
4710
2760
5215
5250
2830
9095
9741
14
1496
2750
2448
6773
5050
8880
5496
1440
5005
547
4882
9106
497
2888
4263
6847
1653
9298
9952
4877
8061
1
2661
7986
5657
2671
240
1074
6371
7343
3856
4311
2374
81
9663
6321
2324
3659
7367
4448
869
2684
7099
3896
4561
2895
8555
2181
4443
6361
4434
2912
5517
9263
6514
5505
1728
8316
5282
5469
2367
101
1312
1587
7827
8080
9845
4925
3663
4245
2471
3783
4832
7271
3853
8934
6658
5177
3341
4406
4614
5513
9274
3335
5636
9153
9785
5058
944
5181
9750
4802
7507
5694
7929
2681
2792
1757
5477
6657
5013
6130
5189
1780
6007
9655
6896
4623
9675
6665
6550
4126
3696
1160
6221
900
1278
2755
7218
7686
6885
4378
6205
1935
1011
5889
2222
8020
1629
4831
7872
8384
4782
4112
7530
5569
4175
8390
6889
9771
508
4597
4203
2294
5619
4865
3618
9626
5213
3141
8265
3014
1899
7231
4273
9377
9489
6208
2248
3871
5052
945
946
5127
2984
8716
2586
8180
9018
3119
2522
5954
9014
391
6490
5379
2915
6043
6557
6685
7220
8621
3804
2054
6935
6718
6152
1445
2607
7762
8413
4374
4307
3008
9347
2099
9158
5546
4010
5261
5508
8215
4300
2118
7422
9521
9742
8159
2150
5640
444
2948
7995
2656
682
9246
9720
472
9880
271
2403
9264
6401
5066
2920
1656
3870
29
229
4463
9244
2549
6525
1614
7560
5938
5953
595
8662
9684
3737
9364
6528
5743
6155
6472
3074
6368
2702
2929
1447
8689
1521
4430
1179
4109
7840
8479
3577
9913
6873
5592
7022
1233
5765
4817
4807
59
5931
4064
9413
9926
641
6359
4704
3788
885
3169
6276
3477
157
5007
7657
2692
9055
1762
9302
3668
2230
4674
7014
1167
8652
3670
9261
8090
6844
4689
6162
7129
7587
7974
3448
801
7964
3330
6639
183
5745
4130
7493
904
7750
5534
5121
3512
788
802
558
2650
773
4898
5565
9757
138
1627
6417
6403
2949
9844
4711
2516
4266
7098
7828
5783
581
9835
5796
6564
2955
7709
6105
5393
5616
5903
594
7683
6882
5688
8126
8747
7853
994
9132
3728
402
4136
8822
5228
1753
6046
5132
7708
349
6113
433
8758
7204
6256
2978
10
2274
8530
1352
1881
2994
9882
9733
6344
3069
7911
3391
7
2083
2909
6055
552
4694
1633
5747
8751
7572
1600
6824
3561
5673
7711
703
2716
7533
829
1782
3152
5575
2704
4722
8533
5467
4703
372
3321
9273
5400
6797
1748
8194
1934
1551
8042
8551
2846
2085
6852
4205
167
563
772
482
3890
5685
5475
1724
9487
2624
1876
2724
1343
5276
7786
9404
6149
6075
4893
4734
8416
9330
4438
1939
7062
3711
5749
2720
2809
5425
4067
2077
4626
3250
4240
1247
1893
4265
7141
1221
6454
7956
3443
3493
1975
7680
375
3683
6230
4608
9747
3281
7614
7253
1020
4350
5152
6875
2800
7648
9847
5566
741
4254
1790
116
2023
4451
9361
6238
1180
7743
3936
1006
1924
6764
6695
6467
1575
3998
5112
2036
1610
8043
8618
4331
1294
8972
3927
1856
3453
721
9283
5957
7536
7188
7803
6316
2472
2828
3509
294
5665
1746
6449
4349
6336
3184
348
7547
3724
2046
3400
2345
3284
3741
8585
9009
8864
5658
292
2375
5573
354
6296
4638
4366
3588
4481
8552
7463
2138
254
1128
3985
8313
458
902
2449
2665
8101
6319
8355
7513
7559
7048
2254
6074
1076
1381
7724
4180
3104
9550
9573
3209
9726
5521
4649
2875
9831
8760
4095
7667
1240
4051
1007
8030
6913
4381
8630
9914
9279
5966
3632
6415
8060
6798
8858
2295
2559
5676
9398
1480
7795
7109
8947
9008
5654
3974
9635
7645
6681
7370
1062
9313
5842
5885
5713
5791
577
9513
5894
2114
5707
6384
284
7751
7101
5725
3912
9276
7191
2632
7835
6918
2517
8725
9331
8679
6293
4222
4863
5180
8210
4424
3356
8263
8112
2040
1752
3699
4114
2629
922
9884
3824
1158
6306
7312
4820
6098
9388
5891
2282
8335
941
6268
8119
1419
8214
8108
3233
5991
930
5320
7313
2317
8405
5352
3180
9066
765
6295
3414
7063
8520
7793
9538
4772
4560
4873
5298
7758
8656
6741
4573
6341
8276
5677
3419
8262
5666
3560
4477
7945
4009
9285
1774
8204
276
2928
4961
6414
7178
3534
2796
1821
5962
1991
5198
9203
5542
6570
8073
7010
6172
7133
3650
4427
9175
6059
2416
4319
474
3157
9682
6360
9536
6558
9814
7854
662
7153
6438
8764
8228
3340
3200
9159
3346
8869
8603
1707
8412
1358
4532
9125
3596
3243
8399
4022
345
3537
358
9993
7148
5051
385
5356
1084
6754
9186
2659
7781
7861
4634
2452
3232
2275
8068
4842
4230
6551
951
4052
4894
1318
1501
7170
9138
814
8136
4730
8529
7823
4824
360
8694
9548
3887
7813
9460
6233
6860
6661
8334
1760
76
1283
2084
1941
1573
8459
179
91
666
903
5396
6802
13
8617
8721
8255
7544
525
5406
8800
8093
3715
5810
1951
3656
432
573
3939
5310
4575
4048
7124
1914
5218
1793
7398
5721
1185
3756
924
6037
9774
575
7387
3792
1021
329
2113
9324
9382
5386
6707
6012
7004
1805
8307
1764
3966
2105
1272
5227
5893
5286
6495
659
8379
4931
326
949
1902
1255
2512
6809
3825
2434
7366
2999
9511
6577
2597
7050
8236
3611
3901
7427
4757
3459
8065
5030
6968
3899
8539
3562
9797
430
9043
5418
6673
2251
1879
1219
1023
6292
8351
7864
3687
422
5230
8833
5690
5222
7528
1228
6633
2124
3254
4246
6023
7802
9483
8660
4304
4228
1810
5450
1961
8199
4210
2468
8854
1259
4943
192
9958
1081
9619
9224
198
1476
2899
4920
867
8675
1141
9178
1177
8979
3969
9045
1765
9167
5785
2714
3931
2427
30
331
4992
3162
4866
2691
2477
7249
9284
3350
9921
9853
8704
1892
1472
9428
4238
7607
7881
8761
3647
7570
557
3816
5787
605
6378
973
4419
3137
7070
5754
9031
9027
827
4039
9843
5468
2835
1462
5205
6000
1189
3805
3198
2585
8637
3002
2424
8499
8
3798
3734
8986
6625
7700
3325
9855
724
5236
4736
3473
4941
2153
9230
3842
8923
6736
5257
711
7585
6644
5251
3044
7650
3123
164
413
5279
4153
2706
3185
9240
4857
3497
3590
7756
1067
9578
2478
4221
7819
343
8258
2112
3263
8320
9649
5921
3394
2272
5288
6817
6604
8427
9872
4140
3810
5324
1133
6881
6235
5618
6901
7213
9265
2758
478
278
1424
9090
2930
9177
5095
5499
6445
3955
1675
9196
7882
57
7164
8409
9727
8082
4856
7555
7490
1887
488
8224
133
1918
2652
2693
7227
2316
8935
1060
8449
4950
4322
4098
1146
556
184
5520
8501
8754
4958
722
2839
5235
1405
2443
8825
2456
4092
2896
4261
9691
6374
5211
1281
2184
8246
4844
7843
937
3160
3539
5726
9017
6971
4330
9345
4241
8094
6669
811
6603
694
7189
9711
4360
5827
325
8855
4545
7126
7527
4163
42
6334
4325
1595
8776
3377
3753
925
9593
4141
8821
9627
5124
1958
8913
8358
5935
1529
4660
1196
8698
7440
3017
4516
362
4781
3409
8727
1432
8014
4871
1370
5042
1048
8593
6216
4042
6943
7511
5684
6951
6766
6670
3360
2250
7357
4672
6212
7233
8382
7378
1165
3333
1626
5781
4955
4414
4951
1921
9729
3984
3172
5799
5519
7247
7935
850
4916
7689
3100
6699
6942
8463
8950
2833
649
4182
8757
3070
4001
8249
5686
9865
8059
5948
8908
2497
8226
5438
1520
9262
1064
5079
5319
5915
5305
526
5259
561
2018
2417
1833
5301
2976
1870
9806
7633
3144
4128
4340
7321
1900
8398
1710
1781
8021
140
1665
8033
3495
8193
5763
9894
9988
3269
5452
2695
843
3552
9946
387
135
4895
8168
5732
2711
7451
8219
3980
3447
4918
287
6788
8102
5449
748
1910
7673
4435
8161
1145
1482
872
9121
2439
5795
9119
4766
9696
8017
1956
1843
2020
6455
1017
6747
7991
4696
4939
2682
9991
8304
5128
305
9624
5208
7089
9169
6343
7424
3003
6859
7252
8506
4553
4294
1642
5188
9714
6610
736
5756
3352
3201
2365
9421
6667
6051
8658
5911
1137
490
7948
1953
5118
6503
1932
2501
8547
674
250
5117
4038
5538
5584
4732
9457
8669
4979
2787
2845
6794
4609
7933
3423
7360
7239
304
1715
9780
8487
8586
148
5295
3327
1452
9482
3385
2154
8430
4747
3428
5879
5277
8436
2263
4934
2475
6058
6890
2954
2004
3945
6763
5238
8857
3036
1749
4625
1785
3595
8929
4139
948
5395
9346
7780
8160
5183
8688
9067
6049
6711
3956
1722
4965
1913
1663
1731
8845
5693
813
9826
744
2062
3604
629
7348
8794
8663
1397
9214
4719
2898
510
8268
5996
3304
4761
5011
5122
7580
647
2288
2391
3287
2649
2728
6347
5778
5669
4529
776
5426
1080
5156
1430
3121
8819
9068
6546
6022
4456
3693
1142
5432
5268
2350
5537
5633
8414
323
2469
687
5061
8966
5547
5843
725
2412
5100
9058
862
5165
5740
6311
4296
4585
3161
3140
6264
6274
2818
870
9452
6977
2817
4216
7107
9834
1118
3744
2754
5232
69
9354
5308
6796
9592
427
4474
1345
9335
9756
8122
4912
2354
8598
5793
1568
3451
3256
3042
8287
5224
4034
3653
8870
1577
2780
4854
9316
4041
8207
8638
8697
8952
7410
9052
9252
5876
6716
8843
7760
1300
4816
5237
7445
3718
2292
2484
6428
729
9165
8110
1282
4399
3515
7879
8848
6192
5670
3189
9001
9709
2784
3148
1478
825
3913
4320
3011
8892
1279
8581
2811
1293
1657
761
3420
2907
5738
8942
974
9126
6804
710
9293
2305
4185
1275
9415
7992
7278
7670
3388
1394
3067
4332
8993
7293
8910
3302
6019
4794
2869
7399
302
6887
5424
536
6218
1005
6234
7850
6132
9603
4846
7821
2757
2267
7409
539
9562
7085
6457
5322
3634
708
2564
2400
5349
8343
9032
2133
3863
424
1205
4658
15
5551
2058
1906
404
9753
705
7719
4176
1618
6426
1418
34
4705
6975
2605
3852
2206
3785
6949
3764
6148
7550
501
8946
3464
1094
3721
5909
3599
9798
1513
111
8058
6275
4363
7311
2196
3780
9353
1538
7773
2675
9340
8914
8703
8840
3874
5862
3470
2943
640
8619
6358
6832
9898
2668
5613
5367
9315
26
382
1106
3362
9497
8807
6121
1051
2210
3770
4930
5371
2309
3291
7368
1244
2182
2183
3170
9850
9370
589
3397
5340
3666
2493
6251
8549
1107
1604
8628
5635
1561
7251
2748
6739
2276
6598
2736
1407
1661
8749
5780
328
1745
8945
8649
8512
1541
1723
3280
7319
6946
5772
279
8894
1092
9247
3794
6326
7082
4804
6120
6304
5941
8305
1734
4960
5975
7057
2625
923
2587
4299
800
7302
1047
5500
3029
486
9359
1566
8273
3033
7491
673
3597
8469
5924
8583
1628
8706
6646
9875
350
4466
5081
6413
8392
6486
1098
121
3048
8203
1056
2594
3628
8037
4618
7096
2836
8989
5143
1744
6118
7418
2117
3392
9174
5003
1598
699
2859
5995
7199
3627
1029
2892
8526
3194
9136
9450
1150
9796
1024
3750
8844
778
4484
6425
5076
9310
7318
4318
377
3305
2307
2107
1380
4795
1926
6590
3136
8791
5652
7494
8750
5627
1033
5784
774
5161
1494
7661
2056
5819
6388
6369
5219
2961
7046
2967
753
767
5034
4066
4491
3163
7596
837
884
706
2425
6612
9501
5691
7303
7503
3513
3748
7759
3344
5604
9156
750
7185
2745
172
105
6131
3818
7395
7540
1641
6539
3844
599
8173
4260
5696
733
9810
7698
5681
1536
9677
6924
8597
1556
2281
2840
875
2120
4653
7018
9429
2045
2799
483
7505
3488
265
4359
9069
2437
1802
8571
1333
5808
9430
8015
9333
7067
2244
4382
3489
67
5755
9344
7182
5434
7799
2010
7579
8454
2383
3710
8143
787
1041
7222
434
5260
975
8055
4403
6471
90
580
7138
9998
3791
5601
2584
1498
9111
2567
2199
8144
9558
6030
4437
3322
5689
7860
4996
1257
4786
521
6134
6468
4969
9895
1978
52
7288
1351
2827
6470
8118
3442
6927
9142
9664
1980
2747
9807
7176
5527
4356
4102
7333
9828
7472
9190
5086
6434
103
8456
9282
8787
4708
1410
8325
5403
9852
5413
7525
5959
5195
365
1387
6642
3270
7598
6404
2971
6708
6011
1313
9102
3337
6367
7305
2769
918
9329
9208
5083
3320
4244
1518
6343
8099
8345
4016
9543
4699
4606
9275
3093
3822
8232
5355
7693
5368
3546
8613
1160
5270
8553
7015
815
8934
3025
8371
1215
1422
5558
8999
3753
982
8172
9715
3126
7417
2025
7006
7641
484
7393
139
9462
7328
3148
1892
3949
6034
266
3031
2799
1807
5131
2505
5852
8477
9913
76
170
406
7142
3260
4661
7453
5023
4458
7060
4113
5229
8841
7425
3221
4396
9058
8552
1653
2488
3322
9423
6293
1273
1890
4994
3196
5414
8266
3425
7587
8050
4396
8953
5336
6058
9724
9958
3920
449
9521
4861
8082
3788
2980
6020
2552
7347
4462
9807
2298
9339
4555
206
1152
844
6055
3800
3799
1304
9696
9116
521
8512
1306
7180
1220
3286
1172
4832
8169
272
1475
9926
9725
7240
111
4803
1915
6661
9595
6079
9557
7909
7399
9278
7661
2162
4867
2507
286
2273
1265
7707
2209
5241
2443
6634
4014
4210
4183
3993
3153
26
1003
9338
9071
3124
659
642
8530
7582
9857
6926
4610
2273
7275
595
6707
7757
8161
9982
8368
8066
6990
1233
9031
5734
9775
8273
5017
4508
7947
2163
8692
2461
182
9369
3487
8466
6673
6951
3583
7219
6454
5478
800
3995
3855
7246
4778
2457
5056
5605
422
3142
2874
5714
1164
1054
8809
6528
3907
6840
8829
1500
2704
5217
8183
623
2244
8512
8615
4479
7270
9721
4597
6555
8023
3785
824
8579
4111
5831
76
6338
1274
7682
8327
7829
4468
9915
6387
6222
6459
2601
4996
1633
8668
7973
9598
6371
6776
6516
8380
209
7419
398
4766
80
5733
4046
7485
9214
3485
4627
5318
7295
7126
8746
4967
2265
162
7867
9900
1503
6548
1074
7794
1806
7764
7523
9924
3230
2323
7480
4959
2467
6685
4366
4079
6733
9345
5467
7629
8296
5789
9978
9331
4802
5049
5147
9155
6601
8521
9821
5231
2188
104
4302
9378
3412
6388
9949
8266
881
3490
3979
9368
4960
7294
1607
144
73
7121
5049
5944
7919
3773
8790
779
240
8251
8212
8084
2404
8028
7911
7140
8592
8822
5084
3098
86
7568
7298
5585
1953
8328
9913
5954
5365
5834
8865
829
9573
3561
5460
9115
130
2808
1224
6488
7221
8574
4463
9807
2991
354
4713
1907
9018
1979
5638
935
3583
7717
5977
924
4230
7358
9431
5218
6265
9341
9575
7825
1707
8782
1711
876
1528
8213
6990
2580
3533
7125
6106
7617
9909
7196
160
627
8061
2754
5975
509
530
7497
3268
8022
8002
2593
8458
7110
6695
5718
1716
2684
3128
2985
1758
5333
926
5365
2600
7704
5245
672
2596
8325
7478
3741
2372
4451
9744
5037
2137
7485
593
6319
1472
6151
2012
127
684
2337
5148
9994
8952
9230
1483
1510
95
394
9719
9336
7902
2287
329
8013
7268
207
239
9553
9310
756
4705
3787
5498
5521
4673
3267
9681
3332
6353
9950
4125
5450
9801
9099
1593
3652
7921
8694
6329
4612
2149
4678
5524
1326
4088
7457
6671
6742
3561
6869
8997
1329
7972
7621
4808
5579
5831
5398
818
4090
9376
2044
7333
139
6059
5141
8242
2331
8975
2574
2476
7701
9273
360
5345
1036
6656
4283
8763
1782
1058
9575
8901
6773
406
974
6985
1189
5319
4696
9780
3097
4632
5507
8534
103
6776
6392
9915
5924
7052
6290
2302
1711
5805
810
5770
5481
2829
1289
45
8802
2369
9603
5143
8699
7343
4343
3896
7732
6343
2576
5540
2089
6841
6944
4232
9732
9450
7371
8276
6873
8649
1305
4644
7302
3662
903
6985
9235
4560
9839
1655
1698
1983
4054
4928
778
3869
1728
1904
8556
9858
4875
8400
9917
5929
1550
9472
1986
1612
2062
5133
8839
4772
6389
3750
287
2957
6394
1454
4892
5596
4613
3185
7871
1329
2867
9669
1243
9481
7433
575
7342
1698
8623
4786
6597
4122
416
564
7490
9742
1062
178
3696
7198
2406
7167
6877
6416
1961
7335
1524
4876
7794
6606
9224
1812
3067
162
8944
6776
2843
5791
2410
3590
6005
5303
1307
6565
8932
3937
7221
1779
7630
4505
1407
1116
6258
5360
4419
651
1019
6045
5532
8379
1562
8655
9715
9337
4085
6502
8121
7642
4671
7955
2114
8030
1549
8876
2942
1278
659
8693
8530
865
5037
982
2146
8175
8977
1997
1368
6196
5057
260
6261
8284
1633
4077
6820
7315
4985
9114
7007
8957
8478
523
4872
5501
397
3951
4562
8532
7475
1119
5209
1261
6428
3338
3042
9583
3275
6428
5308
2188
2700
10
2890
1396
9930
7984
9737
5843
151
3820
6528
429
7871
3091
4727
5055
9685
5755
9860
986
4599
8103
7373
9698
2203
3456
7003
8314
6877
3809
2873
5998
9331
1340
161
5069
587
2623
9095
696
9754
8083
8155
860
7849
9432
8619
2685
1395
4035
7050
2946
5623
2909
4080
666
767
8452
5972
6547
9626
4802
9228
1890
2641
3139
9273
6708
3179
7414
7914
2243
9544
3697
8449
5704
6949
3266
9938
4950
3439
2895
182
369
8877
350
7908
9601
5851
5887
1552
5043
8897
4159
1234
275
5542
990
1084
4855
3788
6131
867
1084
9955
4137
9159
8815
5021
3497
744
6111
9466
8393
2149
2929
5384
3035
9660
584
4968
8531
9035
739
2731
8214
947
3
3857
4466
9182
2473
3020
1046
9883
3200
5275
459
6525
7332
6805
7738
1432
9164
8395
6312
8202
7914
4614
1037
277
5632
8604
171
8053
387
3955
3988
4905
5916
581
7608
8732
6819
3398
1393
4675
4591
5653
8933
6696
8688
5541
1332
1116
5133
6767
7701
4094
6964
9823
6319
8032
4705
7510
7941
496
7821
3784
1795
8092
3106
6604
3197
7774
2798
8514
9190
1266
9906
2945
679
2865
4970
9637
6839
4243
1437
8263
5459
7493
9203
8698
1379
1748
38
1071
491
637
5183
7493
1537
229
5887
7199
749
3940
2492
3335
7405
5577
3631
2615
5608
6976
3546
3351
4777
3978
2987
5530
6273
3898
4420
9372
5176
5884
8839
2032
8813
8278
5395
5314
5513
8052
7084
1072
3322
5768
1992
5017
6216
2327
5448
1703
3555
1857
9228
5080
2122
8305
9201
6605
7586
2102
3068
613
2831
2418
8946
4808
1421
6304
6206
3913
8372
8131
10
7265
5609
6194
4873
7327
5053
1560
8886
5736
9581
8013
3074
135
6120
1202
2301
5067
9877
9264
5833
7022
586
3258
13
9307
7261
9482
1373
8748
6616
1422
1589
1986
759
8040
288
2694
7155
3510
9917
8910
6428
651
2891
5822
1926
179
9951
7087
3794
1428
5039
123
552
4577
8683
4389
3240
4452
6639
5322
7266
7175
9511
8385
2973
918
7800
4112
7882
7697
8743
3667
4771
2287
5415
4242
7332
3904
3873
2692
5345
4639
8952
3953
256
6142
4712
4102
1083
5571
2814
4197
3044
4094
468
7914
5868
545
1440
3778
4867
61
6994
9726
5213
2155
2758
3661
8325
8153
7323
6913
640
6682
2291
3952
1539
780
7024
8038
5377
3625
2857
7266
1214
1033
9356
815
9398
5822
385
4798
2812
3334
9613
8275
7247
677
899
8479
6418
3121
91
8553
6244
4404
7618
4948
9966
7702
8568
7715
5507
4011
2750
3164
1605
434
5216
2798
7041
6018
1345
8830
6493
3935
9600
5314
7434
2242
1630
9674
3657
9204
4997
9992
1623
6584
3804
9901
9504
6448
9519
3814
186
1028
3556
7361
3528
4523
7684
17
5425
4454
3800
3216
8228
5157
1085
8224
5799
3346
5654
4686
4889
8248
7275
4589
9847
3838
3253
823
5955
5833
7477
5617
7718
4440
2444
4118
6583
5686
6547
7781
1017
3600
7433
1654
9237
7754
7497
3054
6934
1051
9223
4031
8918
5460
28
9174
1034
7101
2218
462
4059
5906
1360
3381
3672
363
5406
68
7373
5517
9069
6071
3786
4363
6976
6301
4962
1880
5492
4986
1882
3201
494
9502
1438
4113
1012
7820
6970
176
4558
687
8349
8442
1135
6875
2247
3664
8329
408
3064
456
6324
7217
6484
8613
4207
9158
3769
9483
9276
2843
2091
7497
8449
5490
9636
8944
5063
995
5675
7785
8346
8655
9914
3092
4139
6449
554
5756
4278
7569
4267
6660
782
6929
4359
175
271
4127
785
3412
9507
810
4437
1578
2253
8783
6655
6343
584
1765
9346
9402
6883
4915
8428
5611
6256
1114
6784
1357
6844
7049
1975
8482
3762
9464
7510
2106
5091
2186
6817
9651
6332
9105
4512
4522
5803
5302
8851
7795
400
7188
9872
6662
269
3065
8757
2797
2073
8999
217
4735
6120
5935
8682
8974
1595
1734
6308
6810
6374
4142
5132
5297
214
3340
7867
7219
8848
7188
4957
7329
8185
4361
6362
5388
8895
6904
6722
4771
7450
4877
2460
8394
1142
3771
8443
3760
8095
7385
9598
7405
1911
343
4924
6932
5252
1083
3927
3459
1789
2681
2250
3737
3489
2668
2597
4297
6604
1216
8348
3827
5014
219
971
2123
3956
8379
3604
368
7972
9951
3310
1238
4508
1423
1935
3900
576
7369
5881
8581
9439
2220
2658
9025
5163
1596
3330
4574
4481
3354
1813
6225
4277
4484
5549
6648
9326
5968
7010
5293
3849
9145
7924
8230
7379
2892
3781
8653
9127
361
4428
5303
1981
7570
1547
8730
1613
4148
5531
713
2153
5505
4868
7869
935
6711
2346
2084
9660
8086
6311
628
5218
6943
1139
930
635
7509
6194
9848
70
1321
5830
3069
7390
5014
7975
1483
3528
1283
5039
2925
4455
7481
978
3425
505
1832
8083
9749
939
9978
3868
1131
4932
192
1491
3777
7844
6773
4314
3552
5290
9267
4946
106
7078
774
9882
9035
5487
7917
9620
2916
9410
1184
7010
5080
137
4850
3370
7375
9005
2247
216
2026
5717
9997
36
6856
4703
9180
3979
1767
6223
9808
1959
9788
9793
5822
2116
6731
2632
1326
2232
8494
8434
1979
1464
2638
1534
6832
5469
375
9671
3479
5858
2430
569
4606
3071
2567
6293
2521
1485
3573
5841
4710
8266
9535
6704
3303
2714
4751
3384
3732
3723
3954
3703
137
679
4667
3018
5838
71
509
2193
8729
7293
8829
2146
4379
1017
5308
8664
9244
454
4300
2100
1914
9464
7537
2908
6157
3525
893
7762
6440
7285
9451
5580
9109
9301
3449
6206
7106
3731
3261
8806
6674
4783
7466
5426
6491
1367
2829
8719
2268
5649
2492
3692
7277
1638
7315
4842
2126
8315
1003
9374
2429
4961
7081
8089
2317
8073
3009
5492
9956
8006
4747
9426
949
8118
5106
3215
7648
4862
7998
4980
7374
9520
395
578
754
4861
7069
1099
1220
4421
5371
4644
22
2428
7758
1546
444
4449
6259
7629
9722
4166
3317
6460
4378
2103
1284
6982
3486
405
2977
1682
9034
8265
7189
718
8481
3873
9055
3750
3684
3733
8758
9851
8746
3336
17
9325
6100
2248
523
1446
8259
8501
7790
5993
8702
2055
691
5486
6322
794
3725
7011
1584
589
5305
6321
6728
5481
3
540
6712
9228
624
5028
3356
7482
316
3742
8648
1166
1150
9156
5974
3774
1734
6742
7323
9247
2273
5686
8337
6913
1087
8154
6434
7661
2080
9954
5637
3534
710
4092
2410
2482
9100
727
1224
6386
4276
1693
7676
1059
3391
8596
9614
6855
4217
6055
6773
6153
1202
3923
6445
1258
1908
3618
5010
9721
7922
3962
8849
9228
8319
8566
8615
7525
983
8007
6022
7474
4580
3423
3177
4835
2396
4801
5542
4071
3903
8755
6955
6954
9904
6894
6130
9210
8765
5264
5339
6957
6137
4157
2109
2291
3141
7823
9155
8511
2390
852
2000
8754
9136
5917
2891
257
5262
4464
7293
5820
3173
8487
5771
7311
7863
5959
5448
1616
1974
2985
3697
1229
8897
9483
7874
4081
8951
8058
4744
3301
7243
8644
5520
9929
9560
2417
8374
8640
4085
8957
4949
2515
8283
2622
1509
845
6573
6735
2776
5584
5451
9370
8957
6462
5439
9007
5525
4661
8991
7111
1337
6372
3407
3074
5453
5785
8800
9753
7574
4077
3380
8467
3084
5070
8180
4854
5168
5294
8528
2889
1060
8360
8157
7975
5774
4560
4052
3720
49
6298
4105
3648
4112
9034
8768
7611
7852
9873
6506
8351
6408
838
1601
9888
2977
1579
5782
9164
5782
5450
605
3990
3591
4546
2071
1349
2869
597
9662
8938
6314
1708
1862
760
1038
7252
6269
2910
7163
1707
7594
4986
42
6822
3334
8258
6169
215
4506
6039
3650
8286
4369
340
1126
9638
6256
5145
8960
6377
9162
9367
8054
1942
3859
9111
3627
3258
2800
3357
9659
7655
4463
6420
3088
4474
4488
4132
7215
4343
280
8382
4943
1849
4319
3540
6751
2629
482
1685
4963
9177
4364
2723
9324
4835
4323
5178
5086
9654
2093
2303
8878
7396
9230
5092
7175
3847
6364
6108
7953
5893
1803
4106
5570
6439
6491
7459
9596
7184
20
7825
2301
6936
7108
263
1637
1245
7426
3735
3654
5412
7389
2571
1652
3590
2878
6052
5948
6669
5252
27
73
9626
2653
8498
1085
7414
3025
5885
6831
438
6775
340
3319
5073
164
7178
7270
1424
8931
2179
680
8883
8880
1085
849
4362
2250
8539
9914
97
9228
3675
3391
4189
4765
1457
7973
8009
3285
5853
7436
681
7016
4865
1716
9558
1301
5780
9808
2499
1698
5587
6415
2540
5576
3161
7141
1278
4446
5497
6502
5942
3057
1565
1743
3421
6777
4170
9380
1319
8200
499
2255
6685
6346
4968
6048
9574
3613
8403
3244
9753
9992
290
1302
4226
1261
5615
130
9686
3478
391
828
8175
6360
1595
9335
1310
9661
5115
3910
1684
3725
1773
1827
9894
4616
4688
9608
7992
747
7002
2327
8519
946
4148
7974
8793
9998
4423
9281
9891
9108
590
3399
1639
6988
5477
9767
375
6378
7047
591
7080
9072
8022
9913
9923
7765
1594
7884
8789
8841
8457
5327
2520
555
2040
5549
2417
1379
1618
3008
9972
6467
7379
8599
4633
3253
959
3662
8601
6870
2229
8586
9439
8423
5095
1731
8848
6960
4412
1488
1009
508
6251
6624
5213
8587
6161
565
9327
1796
3871
3693
9668
8366
2780
1389
8789
26
7231
6648
3561
6032
3786
9254
6167
769
3150
5595
8337
3855
3098
438
1076
600
8957
6598
4221
6128
2932
5030
2691
4074
1145
418
4481
97
7112
5184
3868
4778
1039
3661
3969
3046
7387
2902
3755
8549
2306
8139
9503
3643
8489
3974
5986
6863
8705
4082
9
3240
6612
3509
3939
1061
5388
5845
9697
6901
6938
9499
2506
3933
5248
7416
972
2687
9737
1068
5166
1140
6461
977
4483
9310
5607
6012
7387
9682
6387
8276
3304
6512
4774
63
8119
4645
3892
8007
1390
4046
9484
8070
963
4518
9940
8075
11
3801
4933
407
3115
9087
2091
9263
8878
2894
9615
2018
5639
179
1891
1561
4551
8647
9290
1206
6589
1348
33
2026
3143
6642
1945
5967
6607
6650
1975
6595
8443
5686
5474
512
7362
7117
8908
963
9415
9602
7250
3005
4480
9835
9665
1131
4327
2662
7370
4853
3642
7267
3610
4001
7030
1942
8163
8952
6439
6062
2819
5760
6036
2837
2203
7847
4695
3438
382
8512
1737
5884
8103
5393
5335
7810
4022
9243
2557
811
3832
6439
8600
3686
8632
7178
9659
6019
6849
6566
5638
2005
9737
303
6126
814
7737
3570
2500
2605
6457
5561
7104
2745
1726
5273
787
3159
9822
5128
6217
414
3715
7157
1903
138
7297
5427
9821
5807
8296
4537
1468
8957
3683
158
889
4570
1354
6004
312
5446
9897
3943
6113
3889
2840
4704
3363
2186
4704
6068
8891
9080
1230
8342
5987
4481
1163
410
6182
594
1925
6519
4063
2761
3738
4560
2027
626
7286
3535
8247
3277
1061
2005
1460
4064
7187
591
7642
6088
4706
5385
8207
4096
6318
4789
417
6813
6718
3593
8081
8098
4819
1924
470
5023
9448
4696
2200
121
4919
4815
9368
3729
6360
9473
2430
6855
935
3100
994
4954
7981
8978
7437
5755
9737
3471
7822
590
3165
6961
6625
9373
5714
4599
3909
2359
1953
5929
6887
7222
9385
5308
3387
3717
6981
4739
639
8084
7655
7554
3304
5549
7871
9941
3716
3186
9013
6778
8908
5291
4105
4957
3183
1269
1497
8208
3197
5741
8886
5190
1003
2751
8497
2910
6623
3173
1831
1194
1952
6151
4005
1711
5584
6460
7345
2763
8400
7178
7207
2110
1179
1431
4726
4513
977
5335
7202
6193
3506
3224
9867
5124
2943
6845
6401
7043
1649
9378
5584
6320
4067
7846
6629
1264
6163
404
8510
8668
1650
6136
9427
928
5297
8080
6723
7608
7849
9907
9342
4887
1126
1475
9522
5882
2779
610
7550
3065
9823
3477
3287
9930
8945
6107
1551
3910
9762
6338
1508
9931
2309
7324
8083
2040
6097
977
9923
2892
7982
3856
2088
4513
5925
716
6150
1449
9597
1165
1136
4477
6731
7688
8001
6106
2815
8606
4858
7552
6666
6756
602
8241
3311
2665
1572
3898
9179
3005
3015
1187
285
1922
3274
659
9744
7223
7294
6277
5775
346
3877
4490
3319
4069
6452
1363
3112
1329
5678
772
2184
8494
2133
8725
7442
4896
1414
2240
9792
2646
6967
7780
4844
7136
7159
492
2765
1427
7551
7310
892
2230
7279
9718
4074
9046
421
4122
3109
53
6527
5572
6368
1120
9486
6420
5102
7492
8414
5264
4601
7650
7421
2122
9581
7671
6380
790
1328
3940
546
8515
4108
4253
5591
7808
9979
5878
9441
3102
4514
9759
5018
2131
5796
8994
4597
8498
1956
3394
252
7081
5725
8541
5151
9269
25
9411
7576
5296
9631
3416
7570
2183
3592
2827
5204
4860
8913
4651
2579
1477
6953
6521
8584
3719
5581
7354
735
8938
7845
7599
4051
2140
5916
7351
1273
3415
8226
535
2641
6211
6894
6205
7209
3708
984
1865
6292
6780
8318
1128
910
5509
3408
7052
776
1685
8846
4897
3193
6035
1807
9316
7908
5360
9204
3
8079
1387
9932
3169
6782
3383
997
6462
8543
7560
1016
1811
8290
8492
3971
3847
5178
7771
9753
8323
3371
727
5431
2715
6905
1735
3608
3065
9742
9371
1274
1377
8474
3504
1301
7590
1110
2360
6081
8382
965
4461
4875
8723
9844
3684
8509
356
5275
6979
2254
4109
513
3173
3534
4222
5599
4585
5766
4909
7707
368
2451
4362
3194
6466
7261
2222
7411
2394
9293
6392
794
6842
4577
2260
5918
9455
3227
6525
7519
133
4506
1967
8883
5355
2175
3951
7287
2633
1271
7527
8744
9157
322
5286
4862
783
5272
39
4287
8371
6852
3552
646
3434
2950
2371
360
4799
6658
1758
5986
8082
736
5187
8886
8119
7801
2064
4045
6960
9107
8970
2068
7052
9162
1095
9228
7108
3497
7079
2441
8911
7037
7279
4075
9483
4726
46
8112
1882
6537
1792
1975
2882
3889
6831
2208
7687
5244
6159
5514
3919
6218
1712
560
8828
1494
2919
8617
5959
9070
8090
6132
7228
1199
2659
7444
9524
9799
7101
2450
8043
8377
1385
9426
4865
3384
8630
994
4821
5871
2458
4529
4602
2027
4679
8846
4933
9032
7762
7960
8760
6735
2242
9551
7746
3734
6797
2258
6155
9081
4282
3904
7216
9821
7690
2858
9051
7795
4929
6995
5556
2804
1345
986
9142
1114
4190
443
6901
9291
3616
5963
2709
2696
8537
6509
1479
1014
7700
682
9799
8996
1586
7412
8663
7506
8980
2234
3420
8825
1791
3930
2951
9592
7313
5961
6186
3616
8048
7643
2597
6432
3617
1653
6330
1076
4895
3345
4103
6
7817
5880
5054
5532
9362
6529
4638
1032
8727
6953
9502
4434
8506
1472
5487
8941
3584
1223
332
1422
1199
7346
7642
7805
1995
5417
1817
2004
9750
4737
7969
1826
5509
1684
8805
4085
858
7050
1257
8152
4341
7438
1791
1501
2514
1405
6100
9311
2255
1203
5169
4439
8400
8683
7763
6642
8099
8998
5350
5921
6068
5462
7124
1058
9192
6361
1382
9655
7255
9925
6218
4897
7078
3594
2679
8091
3710
5422
3048
7537
5190
7172
5351
2688
7258
228
6746
9922
6210
9263
5162
6724
8459
4222
8203
6135
2660
7653
3606
8333
1845
4940
9789
4075
3088
607
9427
3830
8120
185
519
9061
7515
7301
1486
8335
685
1511
7030
6526
6172
8286
6159
3102
2853
8831
7339
4793
3209
768
1138
9058
6916
3265
5122
8751
3427
7095
1688
5379
5623
8965
5311
7873
856
3640
1660
790
9267
9057
9667
802
2496
4263
2362
2366
8768
9717
7389
1374
2260
8303
4824
9433
1119
4320
1453
4347
1699
2085
45
5602
5217
2615
8380
270
7911
3172
3535
2663
4109
187
9392
9876
7171
7755
7669
6189
7896
9730
178
5297
7571
6637
247
2197
9292
201
267
8644
5793
7075
6287
2018
4778
6261
9334
304
6081
8927
9599
6780
3671
4953
1282
8600
8769
2701
4679
3014
2923
1605
8403
3621
5815
883
4710
1064
2053
9223
4544
7807
659
3415
5719
2996
3405
6240
9410
1966
8788
2816
2092
6993
4932
6718
9757
3069
4160
5476
5402
3345
4889
7194
9382
6356
5729
5340
6381
5188
770
4617
8186
7173
1117
1248
9960
868
5497
2705
4242
7574
4423
3440
6528
3037
8505
8836
1013
7123
1907
3012
598
3933
9317
753
8963
7841
243
4252
1261
897
8717
3796
1907
9826
6385
8677
4087
2395
7932
1584
1727
4582
3140
4732
990
1867
6140
1420
2220
766
6554
3372
6374
1774
8553
8075
3626
4099
1910
2666
6025
2004
7539
8055
8108
8498
9889
8736
4810
2384
784
5880
6970
7933
4178
5593
8059
2550
1023
5984
4635
4912
8296
6142
4894
8064
6810
1634
2433
1828
7618
8496
8837
3096
5946
9404
6870
6523
7339
4517
9238
5905
7720
672
8372
1032
6719
6436
2405
490
6548
2685
8692
6593
7397
9713
2661
8480
9078
1135
7265
7198
5352
4608
8896
4199
2734
1930
9252
1134
9883
2654
3423
159
7596
2580
1193
4701
316
7479
1191
3499
2040
4801
4834
8781
9918
6860
8844
9481
4328
9080
8775
185
1092
3637
8308
3261
8365
7643
3259
2560
178
3886
2180
7310
2778
1024
81
950
8249
4336
4462
2550
9006
4464
202
2703
3239
1209
9744
6506
4658
5524
9681
4160
8396
4682
9708
9527
9148
2533
6400
9299
3779
1433
9753
2332
1415
9312
226
2512
711
3301
6864
2333
415
2745
3791
7968
7392
1799
7097
3813
4366
1660
8668
7381
4821
427
2411
4745
3787
2682
3822
9795
1623
3455
6916
5207
2408
2454
8058
4137
7902
7766
2830
1563
8983
5460
5059
8819
747
5662
399
4013
582
6936
2994
6422
7952
5459
7856
5778
2503
6979
6956
7671
526
3561
7799
6197
1416
6255
3801
2089
3176
8411
6993
2806
262
5187
7056
1133
7380
8747
782
4994
8278
406
3709
9861
2845
458
1134
3013
954
5912
9601
7446
2472
4599
2191
3827
8724
6841
4967
3188
6511
5663
5754
2451
7902
4792
8671
5547
3135
6886
6180
2790
1158
4627
6112
8866
2070
8356
1418
9049
7659
1525
9578
8472
3968
9726
7164
361
6793
6603
6281
7101
3901
3883
1052
5611
6926
8288
2836
2183
4276
4482
3096
2489
4976
5246
2620
9220
6092
8045
8693
8319
1501
4894
9575
5152
8497
4634
9408
613
7900
3035
6823
3172
495
3284
1088
4296
9555
5106
2819
4578
3146
5019
857
5724
7937
5511
9305
1052
651
9277
8757
1636
449
8004
6739
9465
8480
6167
5325
257
3137
1947
99
2347
4832
5603
2546
8608
3150
508
8493
2785
5546
6837
9977
5694
3510
4798
8894
8678
946
7240
1335
2886
9529
3024
9854
82
3286
8710
6602
7852
9294
3295
4494
561
2822
2001
8944
2385
7397
1326
3239
5452
8820
3184
2783
4951
7648
9083
8243
6989
2312
6156
8452
1336
1916
3609
3220
8494
9221
622
2538
1989
8520
1144
7340
8544
7462
8584
6921
115
2002
7091
7292
7533
220
696
1676
5299
8068
6693
2671
8164
9565
3530
8684
3263
7532
1800
6353
2710
205
215
630
3048
2234
2354
3482
2922
9570
2426
1331
2126
647
4258
2518
903
2310
580
5567
2542
1971
2683
7425
8485
1303
958
5945
2769
9851
5516
2981
6214
6885
7620
5216
9412
4310
4591
7443
3781
2989
5938
176
4962
5263
2748
7229
1872
6479
9640
5230
3279
2057
6740
2226
9482
9405
8395
4782
9390
2643
2008
7429
1764
6401
5930
1723
5167
5419
3236
1176
260
4441
6410
5004
711
3943
8028
3139
6398
181
2276
9516
4725
5045
687
4642
7456
8181
8265
2311
6713
1932
953
1064
9033
5848
5531
5502
7268
6225
6000
2228
3479
8528
7672
3016
8136
3837
7304
1709
476
7160
3339
2909
1683
8275
2398
9419
1822
309
38
6562
2095
4627
7527
5051
2064
230
808
7681
3184
70
5579
7964
1745
4595
7823
5174
7226
5772
6813
6611
4105
7968
2636
6012
8209
7272
8397
4579
4590
9125
7382
8141
34
4174
2566
1512
6878
4976
3610
6081
6817
6937
5323
1256
6018
1144
2527
9733
5559
4100
3126
8259
2570
9201
1110
5586
1232
9471
802
289
2876
7947
3612
3257
9605
1995
7632
5756
1684
8321
439
3678
5142
1690
7084
6094
6948
5089
4078
293
1752
3593
8309
8492
2631
7926
6502
6404
8091
9606
7897
8094
4347
7535
7931
3627
333
5582
1420
3460
1196
6354
9896
8375
9245
416
4488
4734
9885
1233
7177
4703
6918
6500
9461
6119
2887
4178
5172
2948
5461
1463
9033
3288
4557
5360
2658
9362
4660
7096
229
3924
5857
9664
45
9273
7864
1020
7379
2247
3138
1174
180
9279
6184
8850
7326
3283
5890
1226
4921
3218
5361
1254
6498
1469
125
1067
8670
4941
141
5699
8729
1659
4321
3759
7585
335
5653
2468
2013
742
4433
5209
2170
6900
4288
8530
4232
3124
2233
2273
4406
2896
5276
983
2598
9471
9578
391
4053
7821
8558
2398
2597
1166
3813
3552
3023
9021
710
7572
8136
4831
1772
4568
3901
9094
5976
5789
8798
4591
7280
350
8418
3644
7907
5216
5752
1214
5782
4628
2087
2919
3188
2846
1294
4367
6592
7989
4638
6846
5949
7746
9838
7426
1634
283
6136
6872
8157
814
75
8174
5567
9849
516
5868
822
4448
2491
8552
4707
8518
2766
9971
9009
6191
9779
392
6688
3009
9491
8902
4781
2370
7170
8464
3745
3865
7027
9112
9069
8680
537
908
1898
6661
2093
556
5983
6140
3903
9404
2550
4560
8430
993
1081
8541
7947
4886
9045
3094
5981
2790
8049
1912
4449
5193
1606
5565
8649
2205
9368
54
7442
564
175
3977
9349
4273
3169
7749
2411
9975
2201
7450
1681
9445
3256
5897
1873
4592
8327
4064
1707
7519
8005
5674
1577
5402
9110
3703
7040
3689
8917
2112
5129
691
9343
3358
6279
7207
1376
1854
8716
1658
2074
8993
6562
5155
6203
7575
1465
9006
7140
7253
8744
6741
410
5300
2911
2207
6754
6976
8602
3573
45
4541
2374
6993
9316
6975
9431
6773
6263
8303
7301
5133
291
6634
1783
3188
8589
7318
1028
3698
3121
3374
1328
3244
5729
750
5362
1347
9132
438
4963
4853
48
9318
7150
1444
6821
3904
7918
9244
889
4313
3297
8360
3105
9825
7334
9259
116
3506
4411
5834
7859
8073
3602
3429
6435
9585
7043
7212
8610
5467
6006
8796
3317
3222
2821
1634
3571
3792
6120
2467
1537
3834
6006
7528
2617
6188
6621
404
4707
7713
2395
7315
7835
1997
9935
5052
3716
915
9955
1492
4559
1569
7505
1032
720
4943
7709
1538
6453
5027
2790
4578
2223
7019
7811
6446
1945
6088
3836
2425
9215
1095
2342
3681
4263
3942
1307
1142
2257
3702
8058
5925
3833
2851
6494
5886
1668
8288
4381
4369
1960
8254
4923
8578
3890
6495
2779
8228
5035
8955
3478
5417
7447
9986
7725
7956
8163
1875
3285
8884
8406
9442
3876
7040
5292
388
7197
6423
1616
8672
3208
4467
6865
4156
6336
2361
3638
562
2498
2180
5918
9437
1038
2918
5983
4613
136
7823
2452
3002
576
4519
1156
8057
9940
6478
7407
7419
9640
6073
6207
8723
375
8301
5811
3122
3326
6505
1049
258
2965
7679
1859
4719
3536
6623
3008
7964
2022
4769
5281
8664
7676
8309
871
9694
2401
6198
6335
8023
5574
4502
3246
740
7806
5266
6263
9229
6842
7302
8569
6113
890
1233
1747
6367
5850
9741
4275
6177
6498
8993
1583
3928
7570
7410
2250
1314
8055
1982
5908
2377
5884
3265
4931
9469
5693
5127
651
1884
9739
1508
4999
697
8890
2805
7765
6908
6643
6608
8248
7274
4453
4204
9641
4659
4245
9180
7089
5563
898
8772
3469
8617
56
9622
9212
7898
9677
7465
7080
7769
3950
1419
6839
8275
1971
7906
4109
1135
2672
9502
1048
4386
4178
1915
2704
8731
3485
4414
7608
5331
4783
26
2410
4501
5786
3028
6761
9359
5274
3103
1169
6615
9855
2400
1909
4512
4237
3480
1192
2351
4826
5541
9168
2330
8251
509
2551
7218
362
759
2450
9486
3656
7170
5735
8094
1222
5328
7263
3103
5053
2813
5245
2242
436
5785
8954
2558
1079
6772
6567
3111
7795
4112
5596
6420
9111
7157
4518
8137
9578
3524
6296
8431
9233
9036
893
6641
9069
7179
9137
1529
3563
3800
3407
3000
9934
5469
5644
7976
1968
3395
727
6879
6527
1663
7358
4280
5986
3485
7842
4671
6046
9945
1288
3858
3606
5591
3120
6977
9940
5672
2752
5754
1468
5706
2925
5947
2166
4561
2476
1361
8933
4475
8578
1236
2903
5096
5658
2284
3633
4908
7247
59
5636
9048
7232
1334
8824
5394
9151
2151
9657
668
2132
7118
9254
6766
315
8351
4351
3325
2482
7868
2263
8986
4890
2222
6367
3815
7577
4044
527
4704
7205
1482
1037
7823
8959
9111
9756
4782
9793
4450
1302
4328
304
8813
9105
922
5004
9157
3198
1850
3913
5705
9190
3732
9668
15
8541
4105
4356
7302
8305
6561
2212
1158
5026
3075
1714
874
6774
9420
6100
7038
8306
2630
4380
1168
8935
3136
7215
4428
1727
6912
5844
7048
2341
7177
8932
7047
271
6569
3249
2930
4950
8580
4189
5629
433
765
3169
6779
5962
8540
3924
8715
914
7101
6146
9225
5570
5587
3679
8289
1309
4624
7589
1364
5994
3248
6329
8864
9771
2276
6271
856
4954
1627
1031
5772
5507
5296
5519
8711
1406
875
7630
1442
7391
4290
3071
4098
5511
4907
5411
5605
8510
9297
9753
2235
362
8046
2492
2358
3809
6851
2997
8175
3569
9147
8803
7306
9159
8189
8422
5248
7058
7747
5326
3243
5893
8732
2538
9630
6787
8878
2682
4684
5363
251
4077
1884
8847
8330
4863
8785
6121
6839
9670
7047
5829
6574
9769
8029
4726
2159
9108
6882
6383
6993
5641
9044
9009
460
8483
8468
1397
3143
7149
7597
5621
4601
1406
4898
3409
4650
4458
7222
4849
3483
1302
608
6129
8140
4199
5589
517
3587
1274
1393
1618
6569
2971
8797
4584
5765
9156
1164
2192
980
8060
266
1628
8129
1515
9756
8697
9785
2058
5374
226
824
1800
2263
4459
3183
9475
9422
71
2349
8252
1178
2126
2960
4796
5089
1309
5754
5443
5469
6293
8649
2290
9772
6092
7066
1906
4487
2700
441
9688
7867
7804
6041
7885
4846
9173
5014
2285
8297
4253
4778
1494
1877
6201
434
6495
6222
7473
990
8311
6544
7906
5650
9850
7121
7430
9228
2073
3626
894
3812
3037
6418
4892
3195
258
2640
5336
52
5969
8897
558
4353
5170
252
5390
2937
7688
5725
314
5939
9891
2396
5473
3309
5085
6683
5622
6254
1956
105
2657
571
233
2719
2003
4690
5145
4314
6531
1212
5520
6215
5879
949
6730
4168
7247
3988
2669
9991
5109
7216
4501
5084
7124
2361
6867
8841
9718
9363
613
2686
8589
607
5552
4653
7538
297
6454
7142
5462
2010
4685
4103
8763
6221
5995
943
2185
5909
8159
9319
4436
6958
1741
3115
4748
310
6423
21
4356
7579
724
7719
441
6810
8419
7738
8261
8442
1113
7173
6676
2233
5302
5839
9935
1187
6708
4625
3571
8426
5275
3152
278
5684
2836
531
688
4478
6252
3461
3765
4208
2737
1886
7164
4728
7777
5804
6
9572
3109
6656
1007
8586
6284
6987
1745
1057
4397
7091
7217
2472
2615
6044
8708
9870
500
3725
8002
7381
7845
9820
1382
8803
3634
1243
193
9972
8794
4479
7823
487
2329
8247
8049
8192
5788
6110
674
2117
7493
7343
519
4794
388
6764
5520
9627
1617
9869
8553
65
2715
1830
3171
5009
6575
8449
290
6260
7456
7756
150
2304
5635
5505
1744
1191
8994
2101
2417
8238
4950
178
5866
3971
2408
1159
7677
5223
1906
3832
8460
3094
7204
1193
6874
825
1445
2993
7380
4867
3167
5743
3129
9705
1694
1389
13
8226
5375
3319
5717
3948
8905
9542
2063
9891
6874
6481
2898
7989
1675
8277
9353
7979
2010
8370
7047
3026
7313
7523
5692
1855
8458
1014
5717
9048
9114
1472
254
9917
2914
8556
7340
2856
6706
9946
93
9470
90
1658
4638
5657
9553
2820
8366
7529
1458
5262
1646
4591
3681
665
4554
1033
8737
2734
6637
4713
3517
7582
3980
860
5177
9436
6960
8915
7759
6741
558
4034
9597
7525
1090
5253
8213
5111
5166
125
5309
3739
4416
5951
1432
1826
5530
6745
6321
3981
3981
4042
9634
9453
1753
5955
1623
4201
639
1916
2897
9335
2799
364
1407
7913
5001
5696
866
6578
7522
207
7773
5938
1765
6190
1513
4957
1385
2537
9786
7225
6350
1862
3475
9751
7700
3205
2272
9539
5931
1031
7729
1691
9257
3034
6559
2048
3919
8481
136
1862
5510
7067
1891
5600
333
8167
7382
439
1967
807
2288
7030
4490
9977
4076
8918
7714
8576
8879
5297
8869
1494
2963
6177
1914
8187
8682
1278
7724
6933
9648
5527
8941
6007
6494
4210
6235
7464
6378
3528
8200
6595
6809
4707
3724
7152
4270
2030
3536
1638
4675
9977
6153
2059
2286
6603
4637
9975
3236
2027
8376
5619
1468
3001
5418
8828
7924
284
4319
1911
5737
5958
8099
1709
8751
8612
2090
4701
6409
1762
5160
1036
7883
1019
5973
6139
4272
5003
1193
4632
8784
1122
6739
5842
2396
2629
8264
4654
6007
1925
2746
8208
2727
9796
7702
746
1583
2453
1646
4438
8261
3038
4163
6335
4266
4795
6598
3080
775
9859
1637
7412
20
5165
8109
349
7088
3600
6075
6315
4438
5465
1916
9100
1068
7787
7735
2271
247
8922
3696
3879
6742
2571
4136
4179
9869
7312
2555
5825
3668
5796
7525
2096
5194
5152
1871
1043
6426
4067
3732
9055
5103
708
6505
3724
2844
3690
4381
1521
307
3011
2937
469
4641
6509
3859
9871
9435
3000
6991
999
9675
9518
3688
22
3033
7754
6549
5383
9404
4230
8466
8637
213
48
5632
948
639
5672
5883
2437
4616
1754
5994
4124
9979
3491
462
2594
2856
5714
5082
7724
7573
589
6224
6980
7275
4703
6397
5030
8842
6869
3929
5618
3650
8633
7193
2260
4264
2224
1518
9470
8082
29
4143
6302
310
355
4080
2561
6551
1832
2949
4632
3029
9692
17
6741
7328
1081
9926
3043
4413
7734
2270
8825
3941
7284
5478
4343
2309
4783
1873
4649
9317
975
3633
937
328
9516
2365
1265
9149
6159
2905
399
8545
7925
6843
5141
1678
5060
1057
6492
4003
9202
8228
7026
1685
2161
48
7900
3460
7050
6725
1324
9866
8251
4790
7548
4737
5492
6657
4238
7295
6436
1067
1628
1077
3929
3191
6877
3241
1329
5621
803
1726
4107
6643
9561
7861
1495
3225
7350
8075
9908
6290
9605
6410
7324
5285
8399
7280
2243
5165
1136
3955
6764
8934
7778
1304
2868
5657
3745
3109
132
2050
6855
9077
4458
8143
5075
1467
3770
4473
6182
9489
9448
8829
9591
560
3444
4456
8291
1046
9285
7794
6757
6874
437
3266
5526
7339
4281
2828
7354
8181
906
5447
4845
9302
5845
5437
3894
2
2955
6885
2864
4428
8116
7499
5975
7702
3307
4528
2066
6845
4198
1645
427
5721
8621
7574
5621
4879
4508
6730
6685
9358
6724
2866
1074
3460
169
8021
685
2952
7143
8761
8953
9804
9629
237
7449
7356
3387
6768
2907
4579
9133
5198
8267
7590
218
2262
214
1817
3502
4874
9530
1799
1057
5994
622
663
5912
2298
525
4875
7999
595
6294
2958
518
8672
6571
6308
4878
9010
9092
5925
1275
1362
9379
1952
9255
8807
9268
1882
3976
4973
4334
9787
3657
1228
5956
6845
9201
7271
4969
4589
327
2193
1951
8255
3411
8526
9089
6388
568
4853
8087
8987
1958
9720
9917
2387
32
3314
8579
2121
1330
8556
9665
9281
4399
302
9316
9936
5317
4660
8994
5547
8718
2372
572
3907
5133
1061
9994
2265
8719
5430
350
3530
6451
9774
8931
3901
1259
8593
5092
3749
9421
743
1071
4758
6156
2808
825
3265
4173
9343
2610
1958
9112
5717
1643
4868
4640
6480
9099
3223
41
7326
3304
1003
7179
9845
4968
2226
9003
666
9172
9417
636
8265
8097
7540
3054
7234
3711
3655
9205
7568
8746
8516
3138
3558
74
6883
5726
2162
297
6604
5918
3583
9806
1095
9585
987
3716
7672
7673
4165
6332
4406
6771
3771
9261
6591
6159
4638
4353
9749
1172
3383
5801
4898
4144
8220
1476
6579
3748
3445
4989
2661
9761
6333
3948
4932
8729
8457
8173
7984
417
1297
9872
6139
2467
1384
8063
7602
4208
3138
7905
1895
8815
9458
9332
7543
6331
7500
4902
2342
4162
8472
8242
6385
4015
4917
6588
497
7739
4417
2742
2628
7456
1552
909
1443
2379
2954
2270
967
8926
3380
9143
4300
1185
7379
817
3483
706
2454
8075
5530
839
3648
679
7369
3149
7362
2204
7504
9551
221
9118
4137
4018
7001
8669
4491
8097
873
7664
6484
606
9572
5020
2084
6490
6199
9020
250
5702
5840
6270
6761
3482
2959
4892
6512
9113
4929
8616
5494
8332
1983
1821
4567
5194
2517
7900
8355
3358
6713
850
5807
1799
5343
3754
9037
3927
6271
3181
8595
2112
8480
6672
7822
5942
6659
4515
3146
1236
6258
7918
1600
2220
8723
6605
6220
3901
2128
9630
5261
2993
5290
9558
9565
3064
7336
9387
245
259
8295
7159
4376
1297
2389
4669
1666
1884
4591
5773
1212
9876
6397
4055
9442
1246
5586
7217
3181
954
1443
7028
8691
6921
2085
7779
940
7901
5385
8352
2720
4485
7944
2687
6521
9874
8513
5972
6359
5196
9103
4727
7075
9562
4665
4710
2959
5804
2196
6422
991
8073
7127
9812
801
3359
6133
6017
8919
509
5235
7232
7398
7926
4642
2419
3755
3557
8837
7241
5129
9135
5818
3142
4199
2866
8485
9741
7383
5000
7321
9017
8648
2209
5734
4825
394
9430
3181
8998
6256
9315
2086
4654
535
7046
7241
6523
7759
5466
9415
2435
87
327
5051
5653
8015
9712
6967
2858
3999
2105
1398
5100
1417
5133
297
3853
9356
8596
4889
3926
778
2565
8837
1394
127
6520
9827
8341
3587
4193
9168
1045
9587
1314
6483
7098
6827
4459
8112
1385
3284
715
5378
2629
7379
7826
9409
5154
1843
8719
5964
8419
9578
6874
5326
2106
4325
8726
7386
1521
1354
8427
186
9119
3583
585
3296
5247
5614
8822
301
9851
195
6210
9572
7065
4933
6303
134
1696
8193
2631
9013
6476
8872
7336
2736
3569
9321
3995
8859
2354
6945
3943
9873
4755
9445
7120
3413
4377
210
8293
3364
1558
8358
6878
3204
2923
4927
1046
2618
1320
1056
8145
454
8567
3454
3586
5306
3803
1663
9031
5558
8606
8805
4028
1266
2207
3507
5498
3752
3409
1033
9715
8291
5622
476
4001
64
9739
657
6253
2529
1623
7522
9594
5400
6317
2663
4453
6777
7980
3502
5016
8327
6498
5579
2065
9541
6140
3587
327
3570
7631
7753
7031
8691
5586
9243
9049
8300
9782
114
226
8467
7202
1065
2086
1792
1665
7448
1083
6159
1723
5574
9334
3361
2694
6833
1964
6999
2853
8564
9773
539
4356
7794
6213
716
4541
6544
9562
8075
26
3021
8492
650
599
6162
3761
5878
4780
3583
1143
1359
3548
2994
6070
439
2111
2385
2489
3650
370
895
442
4701
4043
1486
5585
4642
6305
3146
4935
2035
7541
4299
4355
3812
5209
7197
9965
6073
1637
5451
8852
3348
7251
5365
804
5793
7142
8489
3937
4855
8850
3809
9834
4592
6436
7477
2493
8711
5614
2659
9837
8731
8363
7875
92
2245
2657
5366
1848
548
6786
1838
7280
1211
1392
9618
6754
4190
7002
6632
351
5442
3247
4002
8927
1308
8147
5628
4179
6307
9295
3202
7669
7460
7275
6660
8915
5672
8520
3327
2880
2769
2617
6226
6666
1953
2145
8483
8131
948
7948
6065
8009
2583
4450
7736
3319
3689
4256
4598
2407
6189
9850
1517
7687
469
9157
7465
6751
7928
9356
5541
6927
878
434
3486
1059
4717
246
6424
4240
4401
9592
1554
3414
7490
8602
5519
5448
503
3574
1991
202
1619
4213
5793
8366
1600
2708
2185
4673
8478
4738
5532
9882
1268
9326
9795
760
7927
3943
3522
3901
3402
3897
4382
9061
7747
6027
9304
6372
9087
7778
8244
7636
4094
3933
58
3950
8857
4349
5251
5128
5461
9703
7841
6304
2042
8096
1550
4382
8726
4403
5871
8172
8772
9991
6200
7551
17
5282
4001
6398
1918
6501
7930
7619
3671
875
2857
3225
9753
9953
4504
5845
1666
1924
2659
2329
5897
1902
9856
1950
300
8141
9958
734
4
7503
6414
605
8458
4081
5922
1031
8925
2287
5261
8316
3540
227
2141
362
9585
4624
6797
7738
2335
1049
3714
9286
828
5916
2322
8077
6729
8986
489
2063
5801
1490
6181
407
5409
659
4514
3995
8485
7702
8742
9039
1405
2710
4165
1978
7011
2682
5982
8309
7155
486
8747
6369
7395
6481
2340
3261
8904
716
1719
6090
7091
6921
2075
532
7269
1171
1104
1025
1311
715
1553
1936
948
7844
5735
758
509
9639
2075
1724
409
5550
1270
1521
5575
5057
9390
8556
6154
2748
8879
8543
6517
2283
5615
6252
4902
6941
22
7020
5024
5165
7334
1375
1488
4864
4669
188
367
1515
9859
8626
600
1348
6482
5744
6011
7435
4682
564
3773
9314
1468
3873
4950
7637
3824
3714
8197
3170
5954
4899
8913
8817
4921
154
1288
8995
6729
704
3406
4937
247
6435
8501
4882
668
3764
2239
756
741
9433
614
1071
6601
160
3532
785
6582
9803
8161
6915
5011
9741
1234
8687
3657
5437
6386
5335
18
2844
2257
1568
9056
6692
529
4012
8722
9590
4732
4923
2608
2946
6574
5140
7054
5886
3996
8162
6851
798
4800
6963
1717
7251
8148
7354
1902
5988
8413
9113
3934
9948
5645
8273
1801
336
1461
3358
4576
8316
1885
237
670
7467
2237
5154
8638
9612
5197
7577
8541
2135
9621
478
3607
8545
992
7273
562
8081
1534
1039
9830
4063
4472
664
3257
7695
1378
1919
7947
5211
6626
8954
6648
5150
6511
8172
7556
2835
1123
7222
8892
31
7945
6083
1959
9594
366
2169
3327
5375
5395
2312
6983
1341
4176
3963
6344
5168
7962
4521
8857
5478
8559
4110
8427
9990
7089
5269
3202
8387
2714
6158
2747
8781
911
1285
8314
669
2127
4498
9441
5054
87
586
7249
6250
1465
7773
6644
3280
8997
5926
7710
3532
9719
2283
2918
970
8010
826
2901
1674
4403
6034
8451
2747
532
7751
4691
7288
1158
734
5214
936
1732
5561
5546
3600
4194
8184
8173
5733
5393
6824
5995
6128
9625
6676
5459
9791
5828
9561
6596
6757
6893
5592
9236
2875
5359
3666
5562
151
6017
7256
6181
3400
4703
623
5548
8722
1290
1022
8501
123
9991
3933
5723
9896
4468
5401
6103
3069
1619
4096
2877
7465
8314
3368
9214
8527
4856
5611
410
8588
1894
3455
4529
7155
6680
4473
9849
3817
8546
4239
4697
5754
7196
7957
1222
1239
4500
5279
2254
9773
5954
4462
8552
2602
1100
5873
7106
2224
1400
8788
2672
7317
3067
5310
3792
5070
8553
4285
861
6730
3733
4995
2216
9492
9818
4118
7557
8671
8556
5677
4690
426
3201
690
6751
3646
2036
2029
1810
4999
5042
9349
2828
2868
6046
6727
841
7567
8957
9441
4282
6807
6526
5757
8120
6656
263
9087
5617
286
2480
4077
2380
9426
631
3080
8088
3463
5089
6554
4746
2794
8957
16
7076
5975
4856
2119
8495
884
172
1822
3422
9837
2919
7963
5760
4651
8124
9650
1834
8607
450
9891
1090
5421
5687
3642
8270
2487
4348
6889
3606
2586
1717
2841
3412
4093
7236
2843
3842
9628
4536
8062
944
3994
9340
2250
633
3391
7600
6069
4237
9312
4455
1633
3814
457
2452
7491
9266
4216
3453
1093
5268
1904
9825
1698
672
6514
9577
9094
2871
4770
6028
7471
705
2799
5002
8582
5775
6696
9518
6822
3481
9684
9924
2389
4544
9630
1147
21
7152
7078
4662
7
9381
2369
9689
556
6761
2177
262
9666
2843
2201
951
956
5351
1486
388
151
555
723
5390
513
5073
769
1254
6516
9401
7743
8439
4443
4660
3850
9943
2653
775
7568
9802
9858
1331
6379
4870
7818
4051
544
1153
1737
4544
3677
7722
8276
4060
555
7915
4270
295
2897
5546
2620
2121
2995
1233
3243
205
2024
9211
2952
1958
3099
2906
7892
13
5139
4737
5474
4596
3173
5618
9202
3575
5774
2690
6613
4657
9614
3985
8749
1153
3851
3358
8871
5166
1767
4112
5780
8421
2379
353
7626
4663
7572
8905
7045
9864
8932
8440
1107
7049
4169
5070
6272
1235
3311
7928
8239
2673
7267
672
3062
7722
2175
4270
6406
4011
910
8328
5561
986
8217
1315
8191
4980
6481
7994
3899
9934
625
4814
6655
4778
3533
730
27
334
3177
7362
9142
3788
527
9548
2569
2096
5839
7171
4338
9322
481
2998
8128
1360
6281
9806
9973
5301
9256
7370
3464
5736
2516
482
4428
4222
5485
5229
9017
6914
5687
4123
6497
6329
8649
135
1242
9051
4776
4247
904
8809
6997
2232
6066
5564
5406
416
6393
5927
8731
4461
9833
8545
1224
3721
144
3585
2009
718
2341
160
4155
8165
9719
9918
4266
9918
9333
1768
6132
1374
7353
1886
728
6333
8416
4801
1379
9450
3196
8983
4963
7314
5620
1353
3244
5908
578
5936
529
5060
9089
8490
9914
6153
3613
2951
2900
166
3345
2616
6130
3833
7066
8286
3723
2369
3509
2944
5645
687
8183
6904
3008
8112
6582
4843
4777
7239
8674
5817
1990
5453
1838
4971
7647
4228
6810
7895
5771
3615
7431
1936
5912
5258
4531
7886
8751
1073
8408
6062
1274
1613
1685
8402
556
6860
404
8013
3511
2864
6919
694
6440
4919
9303
8687
3927
8720
5479
9884
8166
3976
3321
3580
3605
6613
5039
3034
35
1507
6672
7122
8773
2971
2245
428
2925
8781
2232
4442
6048
2611
1844
6069
4447
9254
5562
2673
2707
1870
4829
6180
6686
9867
9551
604
7360
1538
1300
9835
8575
9125
8684
6610
2213
8514
7054
1787
824
8887
5892
9701
1977
684
7354
7813
6590
7057
2372
913
2581
2551
3422
2175
6619
1643
4516
8317
2521
737
1775
8398
4243
7679
8341
209
5166
6191
8291
3552
4170
452
879
674
2477
7300
8288
4238
1872
3761
9566
1421
1143
6100
3504
7334
543
9271
4189
456
942
6909
7241
3858
8886
2316
8993
8091
2410
7601
1807
6061
2707
2097
5775
9227
5281
897
2140
178
5121
1481
7260
8592
1644
1252
6307
2399
7506
6915
6342
385
1385
9475
1720
2972
8484
6496
9211
2971
1164
2776
9668
9058
1329
9805
4248
5094
187
9160
7398
7635
6398
4512
9087
4399
3145
2570
8054
8177
7206
8678
1008
4523
4973
368
476
4746
8940
4433
9742
1961
8694
9724
4999
9759
8343
8027
6634
6892
3574
211
5168
4490
2249
7895
5028
9055
9578
7034
7282
9425
2345
4867
8132
4392
8352
830
3982
9113
1888
2180
6613
3498
9884
4301
3383
3995
5195
598
499
8674
5987
3677
1595
8075
4490
855
4899
6664
4282
1983
2280
4974
2341
5334
7481
533
1728
8605
758
7906
9893
7723
7681
1705
7390
7773
1377
386
4360
4357
9755
240
8186
3932
251
8441
2829
2488
6534
379
4482
7700
720
2094
839
3036
912
7066
5100
7353
9010
2990
5809
7344
5611
3078
2153
1272
4829
7999
3329
4609
2793
1882
5597
4818
784
2062
5353
2860
8815
5491
2686
2446
6748
7643
3637
6304
1026
9325
1247
5976
5109
1540
6648
5024
9770
6449
2927
2527
1173
5461
5331
9263
8561
5547
354
960
98
4878
7479
9379
8946
4578
5956
2865
5295
9099
1806
6474
7269
2651
8579
1396
4252
9118
2467
6160
6644
8217
6236
3660
8822
1124
1931
4036
6842
1657
9793
4516
6689
2457
2030
3650
3842
3804
7459
2946
1854
7523
8167
2743
3935
3621
645
7168
5176
5649
5615
8901
8139
9284
1855
1235
6722
4667
5400
4921
5572
3336
2348
4089
1138
9165
4409
9536
1266
2472
1577
1353
4237
2714
6059
9559
3651
5624
4083
8350
1595
223
7798
4965
5986
9760
4713
1766
7531
4548
3600
5029
7200
4754
8057
8087
3547
7043
4091
8841
2115
9629
2154
130
2794
8841
210
8586
1113
2753
4634
3984
9425
8917
3063
6358
1769
6005
3242
2096
8361
7383
4726
9324
5701
7293
8959
9801
8850
4217
7634
8393
218
7624
3421
7294
7110
500
9387
2358
1376
9648
192
1811
5825
2996
2481
7455
1889
3372
5185
1762
800
9352
1452
5704
1309
7063
2441
5541
2516
4027
985
9152
8415
8140
9764
823
3291
8072
4883
7620
3667
3809
2598
5625
5685
3832
3020
3697
1793
117
7784
402
5160
7771
4778
6048
5042
7396
8977
1453
1240
9675
7974
5819
6126
5703
3784
1890
5424
2636
5357
4704
2528
2513
4617
4883
5562
1026
8895
6144
6669
4103
5789
7943
5702
2729
626
2465
8272
9292
3024
3486
3143
2572
729
4428
9682
3778
1422
2727
5594
4778
4995
86
5102
4975
8788
4382
1136
4803
3965
2348
8754
2404
2159
3192
1953
3933
3944
9799
9761
6649
1016
4770
758
9605
9045
5156
8617
9675
1681
6258
7389
7677
3022
288
3310
5463
5933
9519
8317
5060
47
2981
859
9097
3010
9422
8066
9879
8996
1343
3946
5803
4126
7505
7901
4369
4465
77
8501
8088
4939
9533
6011
3003
8960
8229
4933
670
4331
3042
8526
398
4826
1459
1309
3895
5137
4518
1655
1836
8090
7205
1514
5553
1795
8135
6659
4438
498
8891
7137
2187
4087
4124
2842
9927
1816
5003
8218
2268
5458
1983
1600
3317
954
1044
7654
3011
729
746
3080
1108
8426
1274
8920
1633
6481
9674
8235
8286
6258
6464
5784
3004
5938
9168
3664
2266
7438
5182
7555
463
6788
1453
8655
5573
5397
856
1229
2682
377
3527
4398
2191
5756
7834
704
7838
7451
2062
5380
1935
8132
8933
3993
3056
3275
3709
2340
8063
3783
2822
1430
4534
9508
5775
4422
2914
4158
6295
1618
879
4572
8203
8645
7981
5860
4192
2107
9702
2588
5677
5934
2611
7743
6467
3078
8856
3614
8979
8838
378
2313
139
5509
7782
8279
9932
2483
6474
4070
4412
7097
9685
3693
6908
7461
3571
1270
6
8423
6241
1205
324
1198
7511
6372
4057
1513
4081
6318
4207
1434
2972
4952
2230
9484
5915
1906
3226
1021
4352
3508
2297
5323
7562
3547
3742
974
9818
1305
2523
4697
9553
559
805
7095
1820
5702
9255
1918
8641
6799
8588
6204
6784
7843
6395
2328
5892
4085
5195
7549
7963
2596
5899
1685
2978
6549
5031
2682
463
7660
5683
8541
1346
9835
8825
6412
1564
6786
2677
9706
2202
8339
4594
2960
6158
8459
5655
6335
5195
5908
9395
123
3419
8576
7828
4489
4005
6721
8649
5802
1986
1087
4186
5585
417
5609
9551
9164
9978
9035
9248
7651
2035
9423
9405
4636
283
6319
2304
4908
1111
2540
3483
4119
9274
9895
3284
5539
9525
9461
166
996
460
3025
4649
1418
131
5805
7352
3086
14
6881
284
9555
7261
9111
6562
225
119
8651
7031
8419
339
4039
4107
2686
1363
8619
555
8991
7291
7288
2116
4432
2945
5498
1467
4446
1360
8056
7990
2673
9272
4535
8958
5638
1929
2396
7216
8131
2094
1652
4446
2095
2828
786
1380
518
2444
5839
157
2950
4924
5479
1257
6236
1014
1965
3381
4894
2264
299
4270
3230
3581
4322
9523
9748
3644
5750
3542
2020
9547
5107
2454
629
4417
7865
5652
3376
8889
8898
509
4770
5405
3881
6464
7642
9947
5109
7121
6255
6680
8551
9929
505
4644
8084
7467
7119
2986
1661
9537
1721
8719
8045
1135
8271
2294
7609
4038
5095
742
8834
639
6200
7277
5648
9126
3422
1664
1073
6214
649
7436
4280
5705
6076
5576
3659
6930
1734
8816
2637
1578
5396
4396
5248
1461
9686
3928
2279
1703
9404
1485
9880
9459
9277
3003
4403
753
4806
7567
3456
8657
7141
3887
7274
5185
3700
139
9570
7129
2701
2980
8046
7161
3727
6886
9506
9385
40
4028
9985
8612
1253
8097
8768
668
6799
7244
1273
1574
675
603
3769
6001
2505
5790
663
6827
5080
8714
3955
4334
4390
1455
1403
4296
4526
944
180
8557
1644
8886
8454
3446
7238
4176
5319
9595
5617
6063
2763
3868
9716
9220
5928
1222
5699
3418
1359
3537
7968
7782
3810
1148
4837
8749
5649
4398
1137
3572
3279
5970
3440
9652
130
4210
4416
6548
9088
1087
3223
135
5823
504
5377
4137
2422
8676
6691
171
7340
7877
3059
753
8270
3730
1888
2792
6775
4031
1617
3943
8087
8205
960
5956
9234
3874
2942
7140
2579
5554
6750
2849
2782
226
6409
8431
3095
100
1287
2658
3443
4059
7202
3874
3793
4152
6805
2075
5649
994
5083
5332
5078
556
4318
690
1382
7872
4749
9734
7391
1283
5026
5158
1085
3201
7586
6402
984
7215
1469
5564
2045
2742
1131
3045
7362
4644
4403
9574
8544
1193
6622
6643
22
7717
8745
9896
6786
1011
7196
6124
5892
4414
3613
9766
9789
1346
5740
8950
27
9237
7262
6684
367
2408
229
9026
2798
241
2362
4261
4932
2372
8430
5467
9683
6797
2686
5011
9799
5354
2911
8966
117
9317
5066
9416
19
2213
2008
3177
9667
847
7543
9077
9438
6570
9127
4097
1452
502
619
1653
890
6905
8557
6440
2606
5238
6946
5634
4963
3050
6331
4613
2281
2128
470
8949
1166
6007
2732
7699
3866
6647
4592
1929
1734
6854
1930
8612
4919
4877
950
1112
309
2654
6288
8182
4521
1899
3652
9123
3709
1760
9984
444
7075
2992
2825
5971
3299
1432
8673
1821
8708
6932
1650
43
3617
1910
2845
3315
7888
4787
5403
8685
3468
3097
8222
8915
6445
2794
2448
7938
6826
7565
1988
8459
6868
4319
8794
7181
7270
6921
1857
7438
9720
3504
6322
9100
6348
7308
9942
3170
4466
8889
8161
2552
5940
5596
7934
5827
8554
5907
7873
4990
1970
7967
5542
8003
6091
9612
9580
8791
4022
3700
9557
4535
3897
7378
3623
7146
1794
5464
76
8159
6954
8759
7618
6601
7151
6561
5404
1629
8552
2205
9384
3621
3572
3197
7487
9066
6831
7269
6856
2977
737
4478
1186
4826
8795
6701
7003
5204
5608
1851
1292
1094
6391
9140
7165
6975
2765
5855
4617
7753
6911
1601
7711
7625
1650
6972
5324
5943
1905
7863
4236
786
9004
4931
8116
1779
9093
9002
363
4456
9081
4260
8035
1204
3388
3654
2375
7289
5320
858
1801
2772
3421
5894
623
7135
8615
8251
5451
3393
1515
5444
6277
6073
9061
1487
8675
2000
2382
2710
5954
8433
3679
1544
4053
9632
9746
1140
7158
8255
6794
3890
1234
9790
3165
5245
9111
4260
4738
2441
5856
7862
198
1677
2127
7044
1451
7532
1995
389
1470
2549
5411
5272
5788
3858
9870
3728
1087
2354
1299
3560
2039
7157
1826
9392
2114
2935
3476
753
9559
8951
1464
3715
1207
9743
5867
8979
180
4062
5142
9548
6894
9858
9534
1793
2106
5011
9896
1292
9333
7340
9173
5157
2650
4234
8717
9374
3254
9716
8669
2335
4438
6612
6692
6056
1890
6798
8247
9800
2282
935
3680
1322
927
5321
9350
3752
5071
1629
4979
2416
8628
1117
2724
7208
9232
7661
4275
8710
9318
1893
4744
2802
5938
5873
9584
5752
6130
1088
3430
8986
4024
9360
2834
2060
9526
6672
727
3967
6267
8577
4711
9503
5826
2278
3637
60
3036
7057
3141
4283
352
8425
8868
2279
9756
3802
5384
7103
5815
7240
6360
3413
2625
483
9509
2362
2690
2888
8293
3991
1352
3358
2636
801
8308
6471
6927
7926
4213
1135
2653
2757
6332
5842
8985
6135
2265
7185
232
7971
2858
1195
8834
802
6059
3904
6164
7418
7065
3410
3997
3739
1795
5760
125
8692
8499
8871
5241
2097
1128
4802
3291
6838
6175
2602
6431
3972
6073
6373
8774
1668
6174
8867
2393
1285
4697
9196
3365
2211
8551
5042
7270
9373
1184
6579
7682
4924
6677
9610
2374
3076
1007
5099
8537
6361
7168
694
4708
274
4635
2897
2739
4167
396
1634
6635
3989
9850
4726
9603
965
4178
246
6310
4747
1242
2433
217
5192
3353
6476
401
8726
5739
7308
4297
7347
1608
9304
716
9979
9100
9015
2633
1544
9595
3580
356
650
9861
6145
4368
2723
3454
2456
923
2340
4332
1632
1418
2620
8970
178
9292
6013
9806
1274
4154
2294
2137
3700
6178
1511
5776
4734
3982
8438
2635
3899
9685
3874
5305
1575
7470
4606
3460
7639
4864
2116
1442
8165
3420
5200
4887
8335
2115
8573
8184
2195
8110
4692
9568
4480
132
3806
77
3735
8189
7865
8667
5750
3590
2295
9066
9800
4934
5476
7340
5435
8465
1824
3097
7264
1150
5689
3575
6984
2489
9589
8280
4831
4538
9344
3503
8454
882
3814
8319
5690
8142
6799
7848
6124
7098
3819
9786
9666
5255
3592
1816
6049
6392
3245
6353
4730
1823
5504
5884
8251
9095
5384
4199
3419
5083
4163
1362
8054
5480
991
260
4270
277
2168
964
3528
1721
8189
4104
5978
3626
7895
5601
8400
1946
369
6207
862
1281
1729
2089
4390
4489
1849
1663
1840
2680
861
4552
2962
9007
2439
3815
2332
4567
5160
9469
8983
8176
8638
6654
9335
3293
2689
7775
7404
3413
3153
3748
2059
7299
3
5297
8168
9282
5835
6327
2520
6741
4690
5181
1014
3665
6389
322
2126
4478
914
1485
5556
6028
1467
2538
9248
6796
1467
1442
2458
4355
4419
9946
3577
4454
7954
4957
118
7874
3722
6168
4595
910
1863
4599
1348
7369
6429
7727
2835
6816
2845
4373
2233
6850
8413
4113
9213
1305
5442
4651
4468
5317
4145
8873
4915
1424
7991
8020
516
9342
1620
1131
7512
5668
1692
8719
2318
5574
8320
5297
1021
569
1234
2620
9964
8364
2670
9647
3196
9966
79
5157
9634
9343
573
8793
6134
5762
266
6238
2448
3423
5829
1717
3014
3049
3666
8094
1264
281
5179
3930
3501
416
2168
8436
7572
1890
6480
6749
4958
5794
2603
4850
3679
498
7703
2307
2384
3200
8773
592
1551
2186
2309
6499
332
8438
3723
580
5695
269
9323
5888
4757
126
3135
9479
3908
1749
4258
8287
1831
3017
56
1865
4135
4588
6632
4462
8263
2038
6093
9628
9985
1511
3021
3036
2176
5441
4537
7241
6273
1679
8238
8541
3545
7447
485
7302
5356
8262
5027
1741
9805
938
1347
6675
1528
8089
6899
6764
358
3604
518
5155
7770
7930
7881
7021
3046
4241
7430
7388
2175
1687
1230
5588
9593
3858
6221
4969
5351
8024
7227
7129
9011
5514
754
1287
1713
3698
2375
3803
2222
4208
5609
1353
8351
6230
9859
8595
4858
9289
5844
5547
830
1221
4494
7322
115
9528
914
8480
8204
504
8207
401
5807
9705
7090
8806
4252
9571
3438
3121
8315
7930
7895
5893
932
2353
1659
3705
8174
7508
2043
